0.00000000000000000000000,
0.01308959557134443951742,
0.02617694830787314907994,
0.03925981575906861004155,
0.05233595624294382769870,
0.06540312923014306167868,
0.07845909572784494356856,
0.09150161866340236760387,
0.10452846326765345696952,
0.11753739745783765846543,
0.13052619222005157340050,
0.14349262199117931992909,
0.15643446504023086895963,
0.16934950384902461295589,
0.18223552549214744322725,
0.19509032201612824808379,
0.20791169081775931481992,
0.22069743502150107605786,
0.23344536385590541893720,
0.24615329302899305319308,
0.25881904510252073947640,
0.27144044986507426253652,
0.28401534470392264530858,
0.29654157497557093181584,
0.30901699437494739575172,
0.32143946530316158671781,
0.33380685923377090285058,
0.34611705707749296223597,
0.35836794954530021284356,
0.37055743750983627382567,
0.38268343236508978177923,
0.39474385638426723321714,
0.40673664307580015275789,
0.41865973753742807828004,
0.43051109680829507952993,
0.44228869021900124591795,
0.45399049973954680448074,
0.46561452032511141396753,
0.47715876025960846096297,
0.48862124149695496111434,
0.49999999999999994448885,
0.51129308607705203915117,
0.52249856471594879891995,
0.53361451591561159801813,
0.54463903501502708426329,
0.55557023301960217764872,
0.56640623692483282880517,
0.57714519003723363521630,
0.58778525229247313710346,
0.59832460057065905978391,
0.60876142900872065588658,
0.61909394930983385751944,
0.62932039104983739097321,
0.63943900198058478689944,
0.64944804833018365819441,
0.65934581510006895488374,
0.66913060635885812654777,
0.67880074553294167394313,
0.68835457569375402275824,
0.69779045984168019955973,
0.70710678118654746171501,
0.71630194342465414170107,
0.72537437101228752212023,
0.73432250943568555534569,
0.74314482547739413309529,
0.75183980747897738439178,
0.76040596560003093085101,
0.76884183207345957455914,
0.77714596145697079077053,
0.78531693088074483455330,
0.79335334029123505406034,
0.80125381269106066284280,
0.80901699437494745126287,
0.81664155516167880044520,
0.82412618862201569847059,
0.83146961230254512464910,
0.83867056794542405029347,
0.84572782170397320378186,
0.85264016435409217820052,
0.85940641150145269389071,
0.86602540378443859658830,
0.87249600707279706401920,
0.87881711266196527176930,
0.88498763746304176525115,
0.89100652418836778778655,
0.89687274153268836673902,
0.90258528434986062816137,
0.90814317382508125131579,
0.91354545764260086659903,
0.91879121014889819640814,
0.92387953251128673848314,
0.92880955287192423774911,
0.93358042649720174299688,
0.93819133592248415975945,
0.94264149109217842958941,
0.94693012949510557696442,
0.95105651629515353118194,
0.95501994445718663140354,
0.95881973486819305207973,
0.96245523645364738918317,
0.96592582628906831221371,
0.96923090970675440658511,
0.97236992039767655704452,
0.97534232050851266127012,
0.97814760073380557781064,
0.98078528040323043057924,
0.98325490756395461655615,
0.98555605905807774913541,
0.98768834059513777035022,
0.98965138681967024236741,
0.99144486137381038215466,
0.99306845695492629300105,
0.99452189536827328986135,
0.99580492757466176900749,
0.99691733373312796384624,
0.99785892323860347907782,
0.99862953475457383323288,
0.99922903624072290096336,
0.99965732497555725988292,
0.99991432757400700026551,
1.00000000000000000000000,
0.99991432757400700026551,
0.99965732497555725988292,
0.99922903624072290096336,
0.99862953475457383323288,
0.99785892323860347907782,
0.99691733373312796384624,
0.99580492757466176900749,
0.99452189536827340088365,
0.99306845695492629300105,
0.99144486137381038215466,
0.98965138681967024236741,
0.98768834059513777035022,
0.98555605905807774913541,
0.98325490756395461655615,
0.98078528040323043057924,
0.97814760073380568883294,
0.97534232050851266127012,
0.97236992039767666806682,
0.96923090970675440658511,
0.96592582628906831221371,
0.96245523645364727816087,
0.95881973486819305207973,
0.95501994445718663140354,
0.95105651629515353118194,
0.94693012949510568798672,
0.94264149109217842958941,
0.93819133592248427078175,
0.93358042649720174299688,
0.92880955287192423774911,
0.92387953251128673848314,
0.91879121014889830743044,
0.91354545764260086659903,
0.90814317382508136233810,
0.90258528434986051713906,
0.89687274153268836673902,
0.89100652418836789880885,
0.88498763746304187627345,
0.87881711266196538279161,
0.87249600707279706401920,
0.86602540378443881863291,
0.85940641150145258286841,
0.85264016435409228922282,
0.84572782170397320378186,
0.83867056794542427233807,
0.83146961230254512464910,
0.82412618862201580949289,
0.81664155516167902248981,
0.80901699437494745126287,
0.80125381269106066284280,
0.79335334029123516508264,
0.78531693088074516762020,
0.77714596145697079077053,
0.76884183207345968558144,
0.76040596560003104187331,
0.75183980747897738439178,
0.74314482547739424411759,
0.73432250943568577739029,
0.72537437101228785518714,
0.71630194342465447476798,
0.70710678118654757273731,
0.69779045984168019955973,
0.68835457569375391173594,
0.67880074553294167394313,
0.66913060635885834859238,
0.65934581510006895488374,
0.64944804833018376921672,
0.63943900198058478689944,
0.62932039104983739097321,
0.61909394930983385751944,
0.60876142900872087793118,
0.59832460057065917080621,
0.58778525229247324812576,
0.57714519003723396828320,
0.56640623692483282880517,
0.55557023301960217764872,
0.54463903501502730630790,
0.53361451591561170904043,
0.52249856471594857687535,
0.51129308607705215017347,
0.49999999999999994448885,
0.48862124149695485009204,
0.47715876025960862749642,
0.46561452032511158050099,
0.45399049973954724856995,
0.44228869021900130142910,
0.43051109680829507952993,
0.41865973753742835583580,
0.40673664307580043031365,
0.39474385638426701117254,
0.38268343236508983729038,
0.37055743750983627382567,
0.35836794954530021284356,
0.34611705707749329530287,
0.33380685923377118040634,
0.32143946530316130916205,
0.30901699437494750677402,
0.29654157497557098732699,
0.28401534470392258979743,
0.27144044986507454009228,
0.25881904510252057294295,
0.24615329302899321972653,
0.23344536385590550220392,
0.22069743502150113156901,
0.20791169081775973115356,
0.19509032201612816481706,
0.18223552549214727669380,
0.16934950384902477948934,
0.15643446504023097998193,
0.14349262199117934768466,
0.13052619222005198973413,
0.11753739745783754744313,
0.10452846326765330431385,
0.09150161866340257577068,
0.07845909572784506846865,
0.06540312923014356127904,
0.05233595624294380688202,
0.03925981575906851289703,
0.02617694830787341969680,
0.01308959557134463727590,
0.00000000000000012246468,
-0.01308959557134439094517,
-0.02617694830787317683551,
-0.03925981575906870718606,
-0.05233595624294355708184,
-0.06540312923014286738965,
-0.07845909572784526275768,
-0.09150161866340232597050,
-0.10452846326765348472509,
-0.11753739745783729764295,
-0.13052619222005132360032,
-0.14349262199117956972927,
-0.15643446504023075793732,
-0.16934950384902458520031,
-0.18223552549214749873840,
-0.19509032201612794277246,
-0.20791169081775906501974,
-0.22069743502150132585804,
-0.23344536385590530791490,
-0.24615329302899299768193,
-0.25881904510252079498756,
-0.27144044986507392946962,
-0.28401534470392275633088,
-0.29654157497557120937159,
-0.30901699437494728472942,
-0.32143946530316153120665,
-0.33380685923377051427252,
-0.34611705707749262916906,
-0.35836794954530043488816,
-0.37055743750983605178106,
-0.38268343236508967075693,
-0.39474385638426717770599,
-0.40673664307579981969099,
-0.41865973753742818930235,
-0.43051109680829530157453,
-0.44228869021900107938450,
-0.45399049973954669345844,
-0.46561452032511174703444,
-0.47715876025960846096297,
-0.48862124149695501662549,
-0.49999999999999977795540,
-0.51129308607705192812887,
-0.52249856471594879891995,
-0.53361451591561115392892,
-0.54463903501502708426329,
-0.55557023301960228867102,
-0.56640623692483260676056,
-0.57714519003723352419399,
-0.58778525229247335914806,
-0.59832460057065905978391,
-0.60876142900872065588658,
-0.61909394930983407956404,
-0.62932039104983727995091,
-0.63943900198058456485484,
-0.64944804833018321410520,
-0.65934581510006884386144,
-0.66913060635885823757008,
-0.67880074553294145189852,
-0.68835457569375380071364,
-0.69779045984168031058203,
-0.70710678118654746171501,
-0.71630194342465414170107,
-0.72537437101228752212023,
-0.73432250943568533330108,
-0.74314482547739424411759,
-0.75183980747897749541409,
-0.76040596560003048676180,
-0.76884183207345979660374,
-0.77714596145697112383743,
-0.78531693088074461250869,
-0.79335334029123494303803,
-0.80125381269106044079820,
-0.80901699437494734024057,
-0.81664155516167880044520,
-0.82412618862201569847059,
-0.83146961230254523567140,
-0.83867056794542405029347,
-0.84572782170397287071495,
-0.85264016435409240024512,
-0.85940641150145280491301,
-0.86602540378443837454370,
-0.87249600707279695299690,
-0.87881711266196560483621,
-0.88498763746304176525115,
-0.89100652418836778778655,
-0.89687274153268825571672,
-0.90258528434986062816137,
-0.90814317382508136233810,
-0.91354545764260064455442,
-0.91879121014889841845275,
-0.92387953251128684950544,
-0.92880955287192401570451,
-0.93358042649720163197458,
-0.93819133592248427078175,
-0.94264149109217831856711,
-0.94693012949510557696442,
-0.95105651629515353118194,
-0.95501994445718663140354,
-0.95881973486819305207973,
-0.96245523645364727816087,
-0.96592582628906831221371,
-0.96923090970675440658511,
-0.97236992039767644602222,
-0.97534232050851255024781,
-0.97814760073380568883294,
-0.98078528040323031955694,
-0.98325490756395450553384,
-0.98555605905807763811310,
-0.98768834059513765932792,
-0.98965138681967024236741,
-0.99144486137381038215466,
-0.99306845695492629300105,
-0.99452189536827340088365,
-0.99580492757466176900749,
-0.99691733373312796384624,
-0.99785892323860347907782,
-0.99862953475457383323288,
-0.99922903624072290096336,
-0.99965732497555725988292,
-0.99991432757400700026551,
-1.00000000000000000000000,
-0.99991432757400700026551,
-0.99965732497555725988292,
-0.99922903624072290096336,
-0.99862953475457383323288,
-0.99785892323860359010013,
-0.99691733373312796384624,
-0.99580492757466165798519,
-0.99452189536827340088365,
-0.99306845695492629300105,
-0.99144486137381049317696,
-0.98965138681967024236741,
-0.98768834059513777035022,
-0.98555605905807774913541,
-0.98325490756395461655615,
-0.98078528040323043057924,
-0.97814760073380557781064,
-0.97534232050851288331472,
-0.97236992039767655704452,
-0.96923090970675451760741,
-0.96592582628906842323602,
-0.96245523645364716713857,
-0.95881973486819316310203,
-0.95501994445718674242585,
-0.95105651629515364220424,
-0.94693012949510568798672,
-0.94264149109217865163401,
-0.93819133592248415975945,
-0.93358042649720174299688,
-0.92880955287192445979372,
-0.92387953251128662746083,
-0.91879121014889852947505,
-0.91354545764260108864363,
-0.90814317382508114029349,
-0.90258528434986073918367,
-0.89687274153268847776133,
-0.89100652418836756574194,
-0.88498763746304187627345,
-0.87881711266196538279161,
-0.87249600707279717504150,
-0.86602540378443859658830,
-0.85940641150145302695762,
-0.85264016435409217820052,
-0.84572782170397309275955,
-0.83867056794542427233807,
-0.83146961230254501362680,
-0.82412618862201592051520,
-0.81664155516167913351211,
-0.80901699437494811739668,
-0.80125381269106077386510,
-0.79335334029123516508264,
-0.78531693088074550068711,
-0.77714596145697079077053,
-0.76884183207345946353684,
-0.76040596560003137494022,
-0.75183980747897727336948,
-0.74314482547739468820680,
-0.73432250943568588841259,
-0.72537437101228730007563,
-0.71630194342465447476798,
-0.70710678118654768375961,
-0.69779045984168019955973,
-0.68835457569375402275824,
-0.67880074553294234007694,
-0.66913060635885812654777,
-0.65934581510006873283913,
-0.64944804833018410228362,
-0.63943900198058456485484,
-0.62932039104983783506242,
-0.61909394930983430160865,
-0.60876142900872021179737,
-0.59832460057065928182851,
-0.58778525229247324812576,
-0.57714519003723296908248,
-0.56640623692483282880517,
-0.55557023301960217764872,
-0.54463903501502697324099,
-0.53361451591561137597353,
-0.52249856471594946505377,
-0.51129308607705259426268,
-0.49999999999999966693309,
-0.48862124149695534969240,
-0.47715876025960873851872,
-0.46561452032511163601214,
-0.45399049973954697101419,
-0.44228869021900218960752,
-0.43051109680829519055223,
-0.41865973753742807828004,
-0.40673664307580092991401,
-0.39474385638426712219484,
-0.38268343236508955973463,
-0.37055743750983677342603,
-0.35836794954529993528780,
-0.34611705707749340632517,
-0.33380685923377129142864,
-0.32143946530316103160629,
-0.30901699437494761779632,
-0.29654157497557109834929,
-0.28401534470392270081973,
-0.27144044986507426253652,
-0.25881904510252151663252,
-0.24615329302899291441520,
-0.23344536385590522464817,
-0.22069743502150168668052,
-0.20791169081775898175302,
-0.19509032201612785950573,
-0.18223552549214783180531,
-0.16934950384902491826722,
-0.15643446504023111875981,
-0.14349262199117948646254,
-0.13052619222005257260122,
-0.11753739745783767234322,
-0.10452846326765341533616,
-0.09150161866340314475998,
-0.07845909572784474927953,
-0.06540312923014368617913,
-0.05233595624294436893242,
-0.03925981575906818676902,
-0.02617694830787354459689,
-0.01308959557134475870654,
-0.00000000000000024492936,
0.01308959557134426951452,
0.02617694830787305193542,
0.03925981575906858922487,
0.05233595624294388320985,
0.06540312923014229840035,
0.07845909572784513785759,
0.09150161866340264515962,
0.10452846326765292961358,
0.11753739745783804704349,
0.13052619222005118482244,
0.14349262199117898686218,
0.15643446504023150733786,
0.16934950384902444642243,
0.18223552549214735996053,
0.19509032201612822032821,
0.20791169081775937033107,
0.22069743502150032665732,
0.23344536385590472504781,
0.24615329302899330299326,
0.25881904510252023987604,
0.27144044986507381844731,
0.28401534470392308939779,
0.29654157497557065426008,
0.30901699437494717370711,
0.32143946530316142018435,
0.33380685923377084733943,
0.34611705707749212956870,
0.35836794954530032386586,
0.37055743750983632933682,
0.38268343236508911564542,
0.39474385638426751077290,
0.40673664307579970866868,
0.41865973753742768970199,
0.43051109680829557913029,
0.44228869021900102387335,
0.45399049973954658243613,
0.46561452032511124743408,
0.47715876025960834994066,
0.48862124149695496111434,
0.50000000000000000000000,
0.51129308607705215017347,
0.52249856471594824380844,
0.53361451591561170904043,
0.54463903501502741733020,
0.55557023301960184458181,
0.56640623692483327289438,
0.57714519003723341317169,
0.58778525229247291505885,
0.59832460057065817160549,
0.60876142900872054486427,
0.61909394930983396854174,
0.62932039104983683586170,
0.63943900198058489792174,
0.64944804833018310308290,
0.65934581510006839977223,
0.66913060635885845961468,
0.67880074553294145189852,
0.68835457569375368969133,
0.69779045984168053262664,
0.70710678118654735069271,
0.71630194342465403067877,
0.72537437101228752212023,
0.73432250943568555534569,
0.74314482547739357798378,
0.75183980747897738439178,
0.76040596560003104187331,
0.76884183207345913046993,
0.77714596145697112383743,
0.78531693088074461250869,
0.79335334029123494303803,
0.80125381269106088488741,
0.80901699437494722921826,
0.81664155516167880044520,
0.82412618862201614255980,
0.83146961230254512464910,
0.83867056794542405029347,
0.84572782170397320378186,
0.85264016435409228922282,
0.85940641150145236082381,
0.86602540378443837454370,
0.87249600707279728606380,
0.87881711266196516074700,
0.88498763746304165422885,
0.89100652418836767676424,
0.89687274153268825571672,
0.90258528434986018407216,
0.90814317382508125131579,
0.91354545764260086659903,
0.91879121014889797436354,
0.92387953251128673848314,
0.92880955287192401570451,
0.93358042649720152095227,
0.93819133592248427078175,
0.94264149109217820754480,
0.94693012949510557696442,
0.95105651629515375322654,
0.95501994445718652038124,
0.95881973486819305207973,
0.96245523645364727816087,
0.96592582628906831221371,
0.96923090970675418454050,
0.97236992039767666806682,
0.97534232050851277229242,
0.97814760073380546678834,
0.98078528040323054160154,
0.98325490756395450553384,
0.98555605905807763811310,
0.98768834059513754830562,
0.98965138681967013134511,
0.99144486137381038215466,
0.99306845695492618197875,
0.99452189536827328986135,
0.99580492757466176900749,
0.99691733373312796384624,
0.99785892323860347907782,
0.99862953475457383323288,
0.99922903624072290096336,
0.99965732497555725988292,
0.99991432757400700026551,
1.00000000000000000000000,
0.99991432757400700026551,
0.99965732497555725988292,
0.99922903624072301198566,
0.99862953475457383323288,
0.99785892323860347907782,
0.99691733373312807486855,
0.99580492757466165798519,
0.99452189536827328986135,
0.99306845695492640402335,
0.99144486137381038215466,
0.98965138681967024236741,
0.98768834059513788137252,
0.98555605905807763811310,
0.98325490756395450553384,
0.98078528040323065262385,
0.97814760073380546678834,
0.97534232050851288331472,
0.97236992039767677908912,
0.96923090970675451760741,
0.96592582628906842323602,
0.96245523645364738918317,
0.95881973486819316310203,
0.95501994445718674242585,
0.95105651629515364220424,
0.94693012949510579900902,
0.94264149109217842958941,
0.93819133592248415975945,
0.93358042649720174299688,
0.92880955287192423774911,
0.92387953251128673848314,
0.91879121014889819640814,
0.91354545764260075557672,
0.90814317382508114029349,
0.90258528434986118327288,
0.89687274153268814469442,
0.89100652418836756574194,
0.88498763746304243138496,
0.87881711266196504972470,
0.87249600707279761913071,
0.86602540378443915169981,
0.85940641150145213877920,
0.85264016435409262228973,
0.84572782170397364787107,
0.83867056794542338415965,
0.83146961230254556873831,
0.82412618862201592051520,
0.81664155516167913351211,
0.80901699437494767330747,
0.80125381269106077386510,
0.79335334029123527610494,
0.78531693088074505659790,
0.77714596145697090179283,
0.76884183207345957455914,
0.76040596560003093085101,
0.75183980747897727336948,
0.74314482547739535434062,
0.73432250943568533330108,
0.72537437101228730007563,
0.71630194342465514090179,
0.70710678118654712864810,
0.69779045984167964444822,
0.68835457569375479991436,
0.67880074553294111883162,
0.66913060635885890370389,
0.65934581510006950999525,
0.64944804833018288103830,
0.63943900198058523098865,
0.62932039104983794608472,
0.61909394930983441263095,
0.60876142900872098895348,
0.59832460057065939285081,
0.58778525229247335914806,
0.57714519003723385726090,
0.56640623692483293982747,
0.55557023301960228867102,
0.54463903501502708426329,
0.53361451591561148699583,
0.52249856471594879891995,
0.51129308607705192812887,
0.49999999999999977795540,
0.48862124149695618235967,
0.47715876025960807238491,
0.46561452032511102538948,
0.45399049973954791470376,
0.44228869021900074631759,
0.43051109680829613424180,
0.41865973753742902196961,
0.40673664307579948662408,
0.39474385638426806588441,
0.38268343236509050342420,
0.37055743750983693995948,
0.35836794954530087897737,
0.34611705707749351734748,
0.33380685923377140245094,
0.32143946530316203080702,
0.30901699437494778432978,
0.29654157497557126488275,
0.28401534470392281184203,
0.27144044986507442906998,
0.25881904510252085049871,
0.24615329302899302543750,
0.23344536385590533567047,
0.22069743502150093727998,
0.20791169081775909277532,
0.19509032201612797052803,
0.18223552549214708240477,
0.16934950384902416886668,
0.15643446504023209020495,
0.14349262199118045790769,
0.13052619222005090726668,
0.11753739745783865766615,
0.10452846326765441453688,
0.09150161866340325578228,
0.07845909572784574848026,
0.06540312923014379720144,
0.05233595624294449383251,
0.03925981575906919984753,
0.02617694830787366602753,
0.01308959557134488187191,
0.00000000000000036739404,
-0.01308959557134414634916,
-0.02617694830787293050478,
-0.03925981575906846432478,
-0.05233595624294375830976,
-0.06540312923014307555647,
-0.07845909572784502683529,
-0.09150161866340253413732,
-0.10452846326765369289191,
-0.11753739745783794989897,
-0.13052619222005021337729,
-0.14349262199117973626272,
-0.15643446504023139631556,
-0.16934950384902344722171,
-0.18223552549214810936107,
-0.19509032201612899748433,
-0.20791169081775839888593,
-0.22069743502150196423628,
-0.23344536385590461402550,
-0.24615329302899233154811,
-0.25881904510252007334259,
-0.27144044986507365191386,
-0.28401534470392209019707,
-0.29654157497557048772663,
-0.30901699437494706268481,
-0.32143946530316125365090,
-0.33380685923377068080597,
-0.34611705707749279570251,
-0.35836794954530015733241,
-0.37055743750983621831452,
-0.38268343236508983729038,
-0.39474385638426734423945,
-0.40673664307580037480250,
-0.41865973753742830032465,
-0.43051109680829385828460,
-0.44228869021900008018378,
-0.45399049973954719305880,
-0.46561452032511030374451,
-0.47715876025960740625109,
-0.48862124149695562724816,
-0.49999999999999916733273,
-0.51129308607705137301735,
-0.52249856471594968709837,
-0.53361451591561093188432,
-0.54463903501502652915178,
-0.55557023301960173355951,
-0.56640623692483238471596,
-0.57714519003723330214939,
-0.58778525229247280403655,
-0.59832460057065883773930,
-0.60876142900872043384197,
-0.61909394930983385751944,
-0.62932039104983605870558,
-0.63943900198058478689944,
-0.64944804833018376921672,
-0.65934581510006762261611,
-0.66913060635885834859238,
-0.67880074553294200701004,
-0.68835457569375302355752,
-0.69779045984168042160434,
-0.70710678118654790580422,
-0.71630194342465336454495,
-0.72537437101228685598642,
-0.73432250943568599943490,
-0.74314482547739357798378,
-0.75183980747897671825797,
-0.76040596560003148596252,
-0.76884183207345901944763,
-0.77714596145697045770362,
-0.78531693088074561170941,
-0.79335334029123483201573,
-0.80125381269106032977589,
-0.80901699437494822841899,
-0.81664155516167868942290,
-0.82412618862201547642599,
-0.83146961230254512464910,
-0.83867056794542393927117,
-0.84572782170397320378186,
-0.85264016435409228922282,
-0.85940641150145180571229,
-0.86602540378443870761060,
-0.87249600707279717504150,
-0.87881711266196471665779,
-0.88498763746304209831806,
-0.89100652418836812085345,
-0.89687274153268781162751,
-0.90258528434986085020597,
-0.90814317382508158438270,
-0.91354545764260053353212,
-0.91879121014889864049735,
-0.92387953251128707155004,
-0.92880955287192390468221,
-0.93358042649720152095227,
-0.93819133592248449282636,
-0.94264149109217820754480,
-0.94693012949510546594212,
-0.95105651629515286504812,
-0.95501994445718652038124,
-0.95881973486819294105743,
-0.96245523645364672304936,
-0.96592582628906820119141,
-0.96923090970675440658511,
-0.97236992039767622397761,
-0.97534232050851277229242,
-0.97814760073380568883294,
-0.98078528040323020853464,
-0.98325490756395461655615,
-0.98555605905807774913541,
-0.98768834059513754830562,
-0.98965138681967002032280,
-0.99144486137381049317696,
-0.99306845695492618197875,
-0.99452189536827317883905,
-0.99580492757466176900749,
-0.99691733373312785282394,
-0.99785892323860347907782,
-0.99862953475457394425518,
-0.99922903624072290096336,
-0.99965732497555725988292,
-0.99991432757400700026551,
-1.00000000000000000000000,
-0.99991432757400700026551,
-0.99965732497555725988292,
-0.99922903624072290096336,
-0.99862953475457383323288,
-0.99785892323860347907782,
-0.99691733373312807486855,
-0.99580492757466176900749,
-0.99452189536827328986135,
-0.99306845695492651504566,
-0.99144486137381038215466,
-0.98965138681967013134511,
-0.98768834059513788137252,
-0.98555605905807763811310,
-0.98325490756395450553384,
-0.98078528040323065262385,
-0.97814760073380579985525,
-0.97534232050851255024781,
-0.97236992039767677908912,
-0.96923090970675462862971,
-0.96592582628906797914681,
-0.96245523645364750020548,
-0.95881973486819327412434,
-0.95501994445718629833664,
-0.95105651629515375322654,
-0.94693012949510579900902,
-0.94264149109217787447790,
-0.93819133592248427078175,
-0.93358042649720185401918,
-0.92880955287192423774911,
-0.92387953251128673848314,
-0.91879121014889830743044,
-0.91354545764260086659903,
-0.90814317382508191744961,
-0.90258528434986051713906,
-0.89687274153268892185054,
-0.89100652418836845392036,
-0.88498763746304165422885,
-0.87881711266196593790312,
-0.87249600707279761913071,
-0.86602540378443826352139,
-0.85940641150145324900222,
-0.85264016435409262228973,
-0.84572782170397275969265,
-0.83867056794542449438268,
-0.83146961230254556873831,
-0.82412618862201603153750,
-0.81664155516167924453441,
-0.80901699437494767330747,
-0.80125381269106088488741,
-0.79335334029123649735027,
-0.78531693088074505659790,
-0.77714596145697101281513,
-0.76884183207346068478216,
-0.76040596560003104187331,
-0.75183980747897738439178,
-0.74314482547739535434062,
-0.73432250943568533330108,
-0.72537437101228741109793,
-0.71630194342465525192409,
-0.70710678118654723967040,
-0.69779045984167975547052,
-0.68835457569375479991436,
-0.67880074553294256212155,
-0.66913060635885768245856,
-0.65934581510006962101755,
-0.64944804833018432432823,
-0.63943900198058400974332,
-0.62932039104983805710702,
-0.61909394930983452365325,
-0.60876142900871965668586,
-0.59832460057065939285081,
-0.58778525229247347017036,
-0.57714519003723252499327,
-0.56640623692483305084977,
-0.55557023301960239969333,
-0.54463903501502719528560,
-0.53361451591561159801813,
-0.52249856471594879891995,
-0.51129308607705203915117,
-0.50000000000000144328993,
-0.48862124149695473906974,
-0.47715876025960818340721,
-0.46561452032511269072401,
-0.45399049973954641590268,
-0.44228869021900085733989,
-0.43051109680829624526410,
-0.41865973753742752316853,
-0.40673664307579954213523,
-0.39474385638426817690672,
-0.38268343236508900462312,
-0.37055743750983538564725,
-0.35836794954530098999967,
-0.34611705707749362836978,
-0.33380685923377151347324,
-0.32143946530316208631817,
-0.30901699437494789535208,
-0.29654157497557304123958,
-0.28401534470392292286434,
-0.27144044986507448458113,
-0.25881904510252268236670,
-0.24615329302899316421538,
-0.23344536385590544669277,
-0.22069743502150279690355,
-0.20791169081775923155320,
-0.19509032201612810930591,
-0.18223552549214896978391,
-0.16934950384902430764456,
-0.15643446504023048038157,
-0.14349262199118059668557,
-0.13052619222005282240140,
-0.11753739745783702008719,
-0.10452846326765453943697,
-0.09150161866340338068238,
-0.07845909572784409702351,
-0.06540312923014392210153,
-0.05233595624294461873260,
-0.03925981575906754839078,
-0.02617694830787378745818,
-0.01308959557134500330255,
-0.00000000000000048985872,
0.01308959557134402491851,
0.02617694830787280907414,
0.03925981575906833942469,
0.05233595624294363340967,
0.06540312923014295065638,
0.07845909572784490193520,
0.09150161866340064675818,
0.10452846326765356799182,
0.11753739745783782499888,
0.13052619222005007459941,
0.14349262199117962524042,
0.15643446504023125753768,
0.16934950384902330844383,
0.18223552549214797058319,
0.19509032201612885870645,
0.20791169081775826010805,
0.22069743502150010461271,
0.23344536385590622384889,
0.24615329302899219277023,
0.25881904510251996232029,
0.27144044986507526173725,
0.28401534470392197917477,
0.29654157497557037670433,
0.30901699437494861699705,
0.32143946530316114262860,
0.33380685923377056978367,
0.34611705707749435001475,
0.35836794954530004631010,
0.37055743750983610729222,
0.38268343236508972626808,
0.39474385638426723321714,
0.40673664307580026378020,
0.41865973753742824481350,
0.43051109680829374726230,
0.44228869021900152347371,
0.45399049973954552772426,
0.46561452032511024823336,
0.47715876025960884954102,
0.48862124149695396191362,
0.49999999999999911182158,
0.51129308607705281630729,
0.52249856471594813278614,
0.53361451591561082086201,
0.54463903501502797244171,
0.55557023301960162253721,
0.56640623692483227369365,
0.57714519003723319112709,
0.58778525229247280403655,
0.59832460057065872671700,
0.60876142900872043384197,
0.61909394930983241422950,
0.62932039104983727995091,
0.63943900198058467587714,
0.64944804833018232592678,
0.65934581510006895488374,
0.66913060635885834859238,
0.67880074553294056372010,
0.68835457569375413378054,
0.69779045984168042160434,
0.70710678118654657353659,
0.71630194342465447476798,
0.72537437101228796620944,
0.73432250943568466716727,
