0.00000000000000005551115,
0.01308959557134442563964,
0.02617694830787312132436,
0.03925981575906886678062,
0.05233595624294376524865,
0.06540312923014302004532,
0.07845909572784492969078,
0.09150161866340245087059,
0.10452846326765344309173,
0.11753739745783756132091,
0.13052619222005162891165,
0.14349262199117934768466,
0.15643446504023089671520,
0.16934950384902458520031,
0.18223552549214744322725,
0.19509032201612830359494,
0.20791169081775923155320,
0.22069743502150129810246,
0.23344536385590541893720,
0.24615329302899313645980,
0.25881904510252085049871,
0.27144044986507415151422,
0.28401534470392264530858,
0.29654157497557093181584,
0.30901699437494745126287,
0.32143946530316153120665,
0.33380685923377073631713,
0.34611705707749323979172,
0.35836794954530015733241,
0.37055743750983616280337,
0.38268343236508950422348,
0.39474385638426751077290,
0.40673664307580009724674,
0.41865973753742824481350,
0.43051109680829513504108,
0.44228869021900135694025,
0.45399049973954674896959,
0.46561452032511130294523,
0.47715876025960829442951,
0.48862124149695485009204,
0.50000000000000000000000,
0.51129308607705215017347,
0.52249856471594879891995,
0.53361451591561137597353,
0.54463903501502686221869,
0.55557023301960206662642,
0.56640623692483282880517,
0.57714519003723374623860,
0.58778525229247302608115,
0.59832460057065905978391,
0.60876142900872043384197,
0.61909394930983396854174,
0.62932039104983761301781,
0.63943900198058511996635,
0.64944804833018365819441,
0.65934581510006906590604,
0.66913060635885823757008,
0.67880074553294156292083,
0.68835457569375435582515,
0.69779045984168031058203,
0.70710678118654746171501,
0.71630194342465425272337,
0.72537437101228763314253,
0.73432250943568577739029,
0.74314482547739446616220,
0.75183980747897727336948,
0.76040596560003126391791,
0.76884183207345979660374,
0.77714596145697067974822,
0.78531693088074494557560,
0.79335334029123516508264,
0.80125381269106099590971,
0.80901699437494767330747,
0.81664155516167902248981,
0.82412618862201569847059,
0.83146961230254512464910,
0.83867056794542416131577,
0.84572782170397342582646,
0.85264016435409240024512,
0.85940641150145302695762,
0.86602540378443859658830,
0.87249600707279728606380,
0.87881711266196549381391,
0.88498763746304209831806,
0.89100652418836800983115,
0.89687274153268858878363,
0.90258528434986085020597,
0.90814317382508158438270,
0.91354545764260086659903,
0.91879121014889841845275,
0.92387953251128696052774,
0.92880955287192457081602,
0.93358042649720196504148,
0.93819133592248427078175,
0.94264149109217876265632,
0.94693012949510613207593,
0.95105651629515342015964,
0.95501994445718674242585,
0.95881973486819327412434,
0.96245523645364738918317,
0.96592582628906853425832,
0.96923090970675451760741,
0.97236992039767666806682,
0.97534232050851288331472,
0.97814760073380546678834,
0.98078528040323054160154,
0.98325490756395506064536,
0.98555605905807774913541,
0.98768834059513754830562,
0.98965138681967035338971,
0.99144486137381071522157,
0.99306845695492662606796,
0.99452189536827328986135,
0.99580492757466188002979,
0.99691733373312807486855,
0.99785892323860370112243,
0.99862953475457416629979,
0.99922903624072323403027,
0.99965732497555748192752,
0.99991432757400744435472,
1.00000000000000000000000,
0.99991432757400711128781,
0.99965732497555737090522,
0.99922903624072290096336,
0.99862953475457383323288,
0.99785892323860370112243,
0.99691733373312807486855,
0.99580492757466232411900,
0.99452189536827328986135,
0.99306845695492618197875,
0.99144486137381071522157,
0.98965138681967035338971,
0.98768834059513765932792,
0.98555605905807797118001,
0.98325490756395472757845,
0.98078528040323065262385,
0.97814760073380579985525,
0.97534232050851299433702,
0.97236992039767689011143,
0.96923090970675440658511,
0.96592582628906797914681,
0.96245523645364716713857,
0.95881973486819327412434,
0.95501994445718707549275,
0.95105651629515353118194,
0.94693012949510579900902,
0.94264149109217842958941,
0.93819133592248449282636,
0.93358042649720152095227,
0.92880955287192445979372,
0.92387953251128696052774,
0.91879121014889852947505,
0.91354545764260086659903,
0.90814317382508147336040,
0.90258528434986073918367,
0.89687274153268847776133,
0.89100652418836800983115,
0.88498763746304209831806,
0.87881711266196571585851,
0.87249600707279739708611,
0.86602540378443881863291,
0.85940641150145258286841,
0.85264016435409251126742,
0.84572782170397342582646,
0.83867056794542427233807,
0.83146961230254534669371,
0.82412618862201592051520,
0.81664155516167924453441,
0.80901699437494767330747,
0.80125381269106099590971,
0.79335334029123538712724,
0.78531693088074527864251,
0.77714596145697067974822,
0.76884183207345979660374,
0.76040596560003126391791,
0.75183980747897771745869,
0.74314482547739413309529,
0.73432250943568577739029,
0.72537437101228807723174,
0.71630194342465469681258,
0.70710678118654757273731,
0.69779045984168042160434,
0.68835457569375391173594,
0.67880074553294178496543,
0.66913060635885845961468,
0.65934581510006906590604,
0.64944804833018388023902,
0.63943900198058478689944,
0.62932039104983727995091,
0.61909394930983396854174,
0.60876142900872098895348,
0.59832460057065950387312,
0.58778525229247313710346,
0.57714519003723396828320,
0.56640623692483293982747,
0.55557023301960217764872,
0.54463903501502730630790,
0.53361451591561182006274,
0.52249856471594879891995,
0.51129308607705237221808,
0.49999999999999994448885,
0.48862124149695507213664,
0.47715876025960868300757,
0.46561452032511163601214,
0.45399049973954719305880,
0.44228869021900146796256,
0.43051109680829530157453,
0.41865973753742857788041,
0.40673664307580031929135,
0.39474385638426690015024,
0.38268343236509000382384,
0.37055743750983627382567,
0.35836794954530004631010,
0.34611705707749351734748,
0.33380685923377123591749,
0.32143946530316142018435,
0.30901699437494745126287,
0.29654157497557109834929,
0.28401534470392270081973,
0.27144044986507454009228,
0.25881904510252062845410,
0.24615329302899333074883,
0.23344536385590575200411,
0.22069743502150118708016,
0.20791169081775984217586,
0.19509032201612816481706,
0.18223552549214735996053,
0.16934950384902477948934,
0.15643446504023092447078,
0.14349262199117943095139,
0.13052619222005212851201,
0.11753739745783745029861,
0.10452846326765335982500,
0.09150161866340279781529,
0.07845909572784512397980,
0.06540312923014360291241,
0.05233595624294379300423,
0.03925981575906853371372,
0.02617694830787353765800,
0.01308959557134467543982,
0.00000000000000005551115,
-0.01308959557134437012849,
-0.02617694830787314907994,
-0.03925981575906895004735,
-0.05233595624294362647078,
-0.06540312923014296453417,
-0.07845909572784531826883,
-0.09150161866340245087059,
-0.10452846326765352635846,
-0.11753739745783731152073,
-0.13052619222005140686704,
-0.14349262199117979177387,
-0.15643446504023073018175,
-0.16934950384902477948934,
-0.18223552549214755424956,
-0.19509032201612819257264,
-0.20791169081775909277532,
-0.22069743502150129810246,
-0.23344536385590519689259,
-0.24615329302899324748211,
-0.25881904510252079498756,
-0.27144044986507376293616,
-0.28401534470392286735319,
-0.29654157497557132039390,
-0.30901699437494739575172,
-0.32143946530316136467320,
-0.33380685923377040325022,
-0.34611705707749262916906,
-0.35836794954530043488816,
-0.37055743750983605178106,
-0.38268343236508972626808,
-0.39474385638426728872830,
-0.40673664307579970866868,
-0.41865973753742835583580,
-0.43051109680829524606338,
-0.44228869021900130142910,
-0.45399049973954680448074,
-0.46561452032511163601214,
-0.47715876025960846096297,
-0.48862124149695501662549,
-0.49999999999999966693309,
-0.51129308607705181710656,
-0.52249856471594879891995,
-0.53361451591561126495122,
-0.54463903501502697324099,
-0.55557023301960239969333,
-0.56640623692483260676056,
-0.57714519003723374623860,
-0.58778525229247335914806,
-0.59832460057065905978391,
-0.60876142900872087793118,
-0.61909394930983419058634,
-0.62932039104983739097321,
-0.63943900198058456485484,
-0.64944804833018321410520,
-0.65934581510006895488374,
-0.66913060635885834859238,
-0.67880074553294145189852,
-0.68835457569375402275824,
-0.69779045984168031058203,
-0.70710678118654735069271,
-0.71630194342465403067877,
-0.72537437101228752212023,
-0.73432250943568544432338,
-0.74314482547739424411759,
-0.75183980747897771745869,
-0.76040596560003048676180,
-0.76884183207346012967065,
-0.77714596145697145690434,
-0.78531693088074505659790,
-0.79335334029123516508264,
-0.80125381269106066284280,
-0.80901699437494756228517,
-0.81664155516167880044520,
-0.82412618862201592051520,
-0.83146961230254556873831,
-0.83867056794542416131577,
-0.84572782170397309275955,
-0.85264016435409273331203,
-0.85940641150145313797992,
-0.86602540378443848556600,
-0.87249600707279684197459,
-0.87881711266196582688082,
-0.88498763746304209831806,
-0.89100652418836778778655,
-0.89687274153268836673902,
-0.90258528434986073918367,
-0.90814317382508180642731,
-0.91354545764260075557672,
-0.91879121014889864049735,
-0.92387953251128696052774,
-0.92880955287192401570451,
-0.93358042649720163197458,
-0.93819133592248438180405,
-0.94264149109217876265632,
-0.94693012949510602105363,
-0.95105651629515342015964,
-0.95501994445718663140354,
-0.95881973486819327412434,
-0.96245523645364750020548,
-0.96592582628906842323602,
-0.96923090970675451760741,
-0.97236992039767677908912,
-0.97534232050851299433702,
-0.97814760073380568883294,
-0.98078528040323054160154,
-0.98325490756395483860075,
-0.98555605905807808220231,
-0.98768834059513777035022,
-0.98965138681967024236741,
-0.99144486137381071522157,
-0.99306845695492707015717,
-0.99452189536827340088365,
-0.99580492757466188002979,
-0.99691733373312807486855,
-0.99785892323860370112243,
-0.99862953475457427732209,
-0.99922903624072290096336,
-0.99965732497555748192752,
-0.99991432757400733333242,
-1.00000000000000000000000,
-0.99991432757400711128781,
-0.99965732497555770397213,
-0.99922903624072301198566,
-0.99862953475457372221058,
-0.99785892323860392316703,
-0.99691733373312829691315,
-0.99580492757466210207440,
-0.99452189536827340088365,
-0.99306845695492651504566,
-0.99144486137381082624387,
-0.98965138681967057543432,
-0.98768834059513799239483,
-0.98555605905807808220231,
-0.98325490756395472757845,
-0.98078528040323087466845,
-0.97814760073380568883294,
-0.97534232050851310535933,
-0.97236992039767677908912,
-0.96923090970675451760741,
-0.96592582628906853425832,
-0.96245523645364738918317,
-0.95881973486819338514664,
-0.95501994445718718651506,
-0.95105651629515364220424,
-0.94693012949510579900902,
-0.94264149109217887367862,
-0.93819133592248427078175,
-0.93358042649720163197458,
-0.92880955287192468183832,
-0.92387953251128662746083,
-0.91879121014889886254196,
-0.91354545764260119966593,
-0.90814317382508136233810,
-0.90258528434986096122827,
-0.89687274153268858878363,
-0.89100652418836734369734,
-0.88498763746304187627345,
-0.87881711266196560483621,
-0.87249600707279784117532,
-0.86602540378443870761060,
-0.85940641150145302695762,
-0.85264016435409240024512,
-0.84572782170397342582646,
-0.83867056794542393927117,
-0.83146961230254512464910,
-0.82412618862201603153750,
-0.81664155516167924453441,
-0.80901699437494822841899,
-0.80125381269106088488741,
-0.79335334029123538712724,
-0.78531693088074561170941,
-0.77714596145697090179283,
-0.76884183207345957455914,
-0.76040596560003170800712,
-0.75183980747897771745869,
-0.74314482547739468820680,
-0.73432250943568577739029,
-0.72537437101228741109793,
-0.71630194342465469681258,
-0.70710678118654746171501,
-0.69779045984168053262664,
-0.68835457569375413378054,
-0.67880074553294256212155,
-0.66913060635885834859238,
-0.65934581510006906590604,
-0.64944804833018443535053,
-0.63943900198058467587714,
-0.62932039104983772404012,
-0.61909394930983441263095,
-0.60876142900872043384197,
-0.59832460057065950387312,
-0.58778525229247313710346,
-0.57714519003723296908248,
-0.56640623692483293982747,
-0.55557023301960217764872,
-0.54463903501502697324099,
-0.53361451591561148699583,
-0.52249856471594946505377,
-0.51129308607705270528498,
-0.49999999999999972244424,
-0.48862124149695551622585,
-0.47715876025960890505218,
-0.46561452032511163601214,
-0.45399049973954691550304,
-0.44228869021900230062982,
-0.43051109680829530157453,
-0.41865973753742824481350,
-0.40673664307580092991401,
-0.39474385638426723321714,
-0.38268343236508972626808,
-0.37055743750983677342603,
-0.35836794954529982426550,
-0.34611705707749357285863,
-0.33380685923377140245094,
-0.32143946530316119813975,
-0.30901699437494761779632,
-0.29654157497557143141620,
-0.28401534470392281184203,
-0.27144044986507431804768,
-0.25881904510252146112137,
-0.24615329302899296992635,
-0.23344536385590541893720,
-0.22069743502150190872513,
-0.20791169081775889848629,
-0.19509032201612774848343,
-0.18223552549214797058319,
-0.16934950384902486275607,
-0.15643446504023089671520,
-0.14349262199117970850715,
-0.13052619222005260035679,
-0.11753739745783776948773,
-0.10452846326765340145837,
-0.09150161866340332517122,
-0.07845909572784492969078,
-0.06540312923014365842356,
-0.05233595624294434811574,
-0.03925981575906820064681,
-0.02617694830787375970260,
-0.01308959557134486972885,
-0.00000000000000024980018,
0.01308959557134431461733,
0.02617694830787298254648,
0.03925981575906858922487,
0.05233595624294401504883,
0.06540312923014218737805,
0.07845909572784509622423,
0.09150161866340272842635,
0.10452846326765283246907,
0.11753739745783781112110,
0.13052619222005112931129,
0.14349262199117904237333,
0.15643446504023156284902,
0.16934950384902441866686,
0.18223552549214730444938,
0.19509032201612819257264,
0.20791169081775950910895,
0.22069743502150024339059,
0.23344536385590480831453,
0.24615329302899363606016,
0.25881904510252040640950,
0.27144044986507381844731,
0.28401534470392308939779,
0.29654157497557070977123,
0.30901699437494722921826,
0.32143946530316130916205,
0.33380685923377095836173,
0.34611705707749235161330,
0.35836794954530043488816,
0.37055743750983655138143,
0.38268343236508928217887,
0.39474385638426762179520,
0.40673664307579976417983,
0.41865973753742763419083,
0.43051109680829557913029,
0.44228869021900130142910,
0.45399049973954652692498,
0.46561452032511119192293,
0.47715876025960834994066,
0.48862124149695507213664,
0.50000000000000011102230,
0.51129308607705215017347,
0.52249856471594835483074,
0.53361451591561182006274,
0.54463903501502741733020,
0.55557023301960184458181,
0.56640623692483349493898,
0.57714519003723352419399,
0.58778525229247291505885,
0.59832460057065828262779,
0.60876142900872054486427,
0.61909394930983407956404,
0.62932039104983694688400,
0.63943900198058489792174,
0.64944804833018310308290,
0.65934581510006839977223,
0.66913060635885857063698,
0.67880074553294122985392,
0.68835457569375357866903,
0.69779045984168086569355,
0.70710678118654735069271,
0.71630194342465403067877,
0.72537437101228741109793,
0.73432250943568577739029,
0.74314482547739357798378,
0.75183980747897749541409,
0.76040596560003115289561,
0.76884183207345935251453,
0.77714596145697112383743,
0.78531693088074450148639,
0.79335334029123472099343,
0.80125381269106088488741,
0.80901699437494745126287,
0.81664155516167902248981,
0.82412618862201636460441,
0.83146961230254512464910,
0.83867056794542393927117,
0.84572782170397309275955,
0.85264016435409240024512,
0.85940641150145258286841,
0.86602540378443826352139,
0.87249600707279739708611,
0.87881711266196504972470,
0.88498763746304187627345,
0.89100652418836789880885,
0.89687274153268847776133,
0.90258528434986029509446,
0.90814317382508158438270,
0.91354545764260119966593,
0.91879121014889786334123,
0.92387953251128696052774,
0.92880955287192434877142,
0.93358042649720163197458,
0.93819133592248449282636,
0.94264149109217842958941,
0.94693012949510579900902,
0.95105651629515408629345,
0.95501994445718640935894,
0.95881973486819327412434,
0.96245523645364761122778,
0.96592582628906820119141,
0.96923090970675429556280,
0.97236992039767677908912,
0.97534232050851310535933,
0.97814760073380568883294,
0.98078528040323087466845,
0.98325490756395472757845,
0.98555605905807763811310,
0.98768834059513765932792,
0.98965138681967035338971,
0.99144486137381071522157,
0.99306845695492662606796,
0.99452189536827328986135,
0.99580492757466176900749,
0.99691733373312807486855,
0.99785892323860370112243,
0.99862953475457394425518,
0.99922903624072312300797,
0.99965732497555748192752,
0.99991432757400744435472,
1.00000000000000000000000,
0.99991432757400722231012,
0.99965732497555759294983,
0.99922903624072334505257,
0.99862953475457405527749,
0.99785892323860347907782,
0.99691733373312851895776,
0.99580492757466221309670,
0.99452189536827328986135,
0.99306845695492662606796,
0.99144486137381049317696,
0.98965138681967035338971,
0.98768834059513810341713,
0.98555605905807774913541,
0.98325490756395461655615,
0.98078528040323098569075,
0.97814760073380546678834,
0.97534232050851310535933,
0.97236992039767711215603,
0.96923090970675473965201,
0.96592582628906842323602,
0.96245523645364761122778,
0.95881973486819349616894,
0.95501994445718718651506,
0.95105651629515364220424,
0.94693012949510579900902,
0.94264149109217854061171,
0.93819133592248449282636,
0.93358042649720207606379,
0.92880955287192445979372,
0.92387953251128684950544,
0.91879121014889864049735,
0.91354545764260097762133,
0.90814317382508125131579,
0.90258528434986140531748,
0.89687274153268814469442,
0.89100652418836767676424,
0.88498763746304276445187,
0.87881711266196527176930,
0.87249600707279806321992,
0.86602540378443904067751,
0.85940641150145213877920,
0.85264016435409284433433,
0.84572782170397386991567,
0.83867056794542327313735,
0.83146961230254567976061,
0.82412618862201592051520,
0.81664155516167946657902,
0.80901699437494778432978,
0.80125381269106110693201,
0.79335334029123549814955,
0.78531693088074527864251,
0.77714596145697067974822,
0.76884183207345957455914,
0.76040596560003126391791,
0.75183980747897771745869,
0.74314482547739546536292,
0.73432250943568533330108,
0.72537437101228718905332,
0.71630194342465536294640,
0.70710678118654690660350,
0.69779045984167975547052,
0.68835457569375502195896,
0.67880074553294134087622,
0.66913060635885901472619,
0.65934581510006962101755,
0.64944804833018299206060,
0.63943900198058534201095,
0.62932039104983794608472,
0.61909394930983463467555,
0.60876142900872132202039,
0.59832460057065972591772,
0.58778525229247335914806,
0.57714519003723396828320,
0.56640623692483316187207,
0.55557023301960262173793,
0.54463903501502719528560,
0.53361451591561159801813,
0.52249856471594879891995,
0.51129308607705215017347,
0.50000000000000000000000,
0.48862124149695651542658,
0.47715876025960829442951,
0.46561452032511096987832,
0.45399049973954785919261,
0.44228869021900085733989,
0.43051109680829635628641,
0.41865973753742935503652,
0.40673664307579937560178,
0.39474385638426806588441,
0.38268343236509061444650,
0.37055743750983710649294,
0.35836794954530082346622,
0.34611705707749362836978,
0.33380685923377129142864,
0.32143946530316214182932,
0.30901699437494772881863,
0.29654157497557143141620,
0.28401534470392286735319,
0.27144044986507442906998,
0.25881904510252073947640,
0.24615329302899310870423,
0.23344536385590533567047,
0.22069743502150124259131,
0.20791169081775900950859,
0.19509032201612813706149,
0.18223552549214713791592,
0.16934950384902414111110,
0.15643446504023206244938,
0.14349262199118062444114,
0.13052619222005107380014,
0.11753739745783881032182,
0.10452846326765435902573,
0.09150161866340345007131,
0.07845909572784581786919,
0.06540312923014388046816,
0.05233595624294440362689,
0.03925981575906939413656,
0.02617694830787381521375,
0.01308959557134514728460,
0.00000000000000027755576,
-0.01308959557134412032831,
-0.02617694830787281601303,
-0.03925981575906833942469,
-0.05233595624294384851538,
-0.06540312923014288126744,
-0.07845909572784498520193,
-0.09150161866340240923723,
-0.10452846326765373452528,
-0.11753739745783779724331,
-0.13052619222005007459941,
-0.14349262199117970850715,
-0.15643446504023142407114,
-0.16934950384902328068826,
-0.18223552549214783180531,
-0.19509032201612885870645,
-0.20791169081775839888593,
-0.22069743502150199199185,
-0.23344536385590461402550,
-0.24615329302899227603696,
-0.25881904510252018436489,
-0.27144044986507354089156,
-0.28401534470392197917477,
-0.29654157497557054323778,
-0.30901699437494695166251,
-0.32143946530316103160629,
-0.33380685923377073631713,
-0.34611705707749285121366,
-0.35836794954530010182125,
-0.37055743750983605178106,
-0.38268343236508972626808,
-0.39474385638426723321714,
-0.40673664307580054133595,
-0.41865973753742813379120,
-0.43051109680829391379575,
-0.44228869021900019120608,
-0.45399049973954730408110,
-0.46561452032511024823336,
-0.47715876025960740625109,
-0.48862124149695562724816,
-0.49999999999999933386619,
-0.51129308607705126199505,
-0.52249856471594968709837,
-0.53361451591561115392892,
-0.54463903501502664017409,
-0.55557023301960184458181,
-0.56640623692483260676056,
-0.57714519003723341317169,
-0.58778525229247291505885,
-0.59832460057065872671700,
-0.60876142900872043384197,
-0.61909394930983407956404,
-0.62932039104983616972788,
-0.63943900198058456485484,
-0.64944804833018376921672,
-0.65934581510006762261611,
-0.66913060635885845961468,
-0.67880074553294189598773,
-0.68835457569375302355752,
-0.69779045984168053262664,
-0.70710678118654790580422,
-0.71630194342465325352265,
-0.72537437101228696700872,
-0.73432250943568599943490,
-0.74314482547739357798378,
-0.75183980747897671825797,
-0.76040596560003148596252,
-0.76884183207345913046993,
-0.77714596145697067974822,
-0.78531693088074550068711,
-0.79335334029123483201573,
-0.80125381269106021875359,
-0.80901699437494822841899,
-0.81664155516167846737829,
-0.82412618862201547642599,
-0.83146961230254523567140,
-0.83867056794542405029347,
-0.84572782170397320378186,
-0.85264016435409217820052,
-0.85940641150145191673460,
-0.86602540378443881863291,
-0.87249600707279717504150,
-0.87881711266196482768009,
-0.88498763746304209831806,
-0.89100652418836834289806,
-0.89687274153268770060521,
-0.90258528434986073918367,
-0.90814317382508169540500,
-0.91354545764260064455442,
-0.91879121014889864049735,
-0.92387953251128729359465,
-0.92880955287192390468221,
-0.93358042649720152095227,
-0.93819133592248427078175,
-0.94264149109217831856711,
-0.94693012949510546594212,
-0.95105651629515297607043,
-0.95501994445718663140354,
-0.95881973486819294105743,
-0.96245523645364705611627,
-0.96592582628906853425832,
-0.96923090970675462862971,
-0.97236992039767633499991,
-0.97534232050851299433702,
-0.97814760073380602189985,
-0.98078528040323020853464,
-0.98325490756395472757845,
-0.98555605905807808220231,
-0.98768834059513765932792,
-0.98965138681967024236741,
-0.99144486137381082624387,
-0.99306845695492651504566,
-0.99452189536827340088365,
-0.99580492757466176900749,
-0.99691733373312796384624,
-0.99785892323860392316703,
-0.99862953475457394425518,
-0.99922903624072290096336,
-0.99965732497555737090522,
-0.99991432757400744435472,
-1.00000000000000022204460,
-0.99991432757400722231012,
-0.99965732497555737090522,
-0.99922903624072301198566,
-0.99862953475457372221058,
-0.99785892323860359010013,
-0.99691733373312829691315,
-0.99580492757466232411900,
-0.99452189536827328986135,
-0.99306845695492651504566,
-0.99144486137381049317696,
-0.98965138681967046441201,
-0.98768834059513799239483,
-0.98555605905807774913541,
-0.98325490756395472757845,
-0.98078528040323109671306,
-0.97814760073380591087755,
-0.97534232050851266127012,
-0.97236992039767711215603,
-0.96923090970675507271892,
-0.96592582628906797914681,
-0.96245523645364750020548,
-0.95881973486819349616894,
-0.95501994445718696447045,
-0.95105651629515375322654,
-0.94693012949510579900902,
-0.94264149109217787447790,
-0.93819133592248449282636,
-0.93358042649720218708609,
-0.92880955287192412672681,
-0.92387953251128684950544,
-0.91879121014889852947505,
-0.91354545764260075557672,
-0.90814317382508191744961,
-0.90258528434986085020597,
-0.89687274153268892185054,
-0.89100652418836823187576,
-0.88498763746304187627345,
-0.87881711266196615994772,
-0.87249600707279806321992,
-0.86602540378443826352139,
-0.85940641150145336002453,
-0.85264016435409273331203,
-0.84572782170397298173725,
-0.83867056794542471642728,
-0.83146961230254579078291,
-0.82412618862201614255980,
-0.81664155516167968862362,
-0.80901699437494767330747,
-0.80125381269106099590971,
-0.79335334029123671939487,
-0.78531693088074494557560,
-0.77714596145697101281513,
-0.76884183207346090682677,
-0.76040596560003115289561,
-0.75183980747897782848099,
-0.74314482547739535434062,
-0.73432250943568533330108,
-0.72537437101228763314253,
-0.71630194342465536294640,
-0.70710678118654701762580,
-0.69779045984167997751513,
-0.68835457569375468889206,
-0.67880074553294300621076,
-0.66913060635885779348087,
-0.65934581510006973203986,
-0.64944804833018432432823,
-0.63943900198058412076563,
-0.62932039104983772404012,
-0.61909394930983441263095,
-0.60876142900871965668586,
-0.59832460057065994796233,
-0.58778525229247347017036,
-0.57714519003723263601557,
-0.56640623692483305084977,
-0.55557023301960284378254,
-0.54463903501502686221869,
-0.53361451591561182006274,
-0.52249856471594890994226,
-0.51129308607705215017347,
-0.50000000000000144328993,
-0.48862124149695485009204,
-0.47715876025960834994066,
-0.46561452032511263521286,
-0.45399049973954630488038,
-0.44228869021900102387335,
-0.43051109680829641179756,
-0.41865973753742802276889,
-0.40673664307579943111293,
-0.39474385638426806588441,
-0.38268343236508906013427,
-0.37055743750983555218070,
-0.35836794954530087897737,
-0.34611705707749396143669,
-0.33380685923377156898439,
-0.32143946530316225285162,
-0.30901699437494800637438,
-0.29654157497557326328419,
-0.28401534470392308939779,
-0.27144044986507442906998,
-0.25881904510252246032209,
-0.24615329302899330299326,
-0.23344536385590552995950,
-0.22069743502150307445930,
-0.20791169081775912053089,
-0.19509032201612816481706,
-0.18223552549214891427276,
-0.16934950384902444642243,
-0.15643446504023045262599,
-0.14349262199118081873017,
-0.13052619222005271137910,
-0.11753739745783708947613,
-0.10452846326765447004803,
-0.09150161866340356109362,
-0.07845909572784426355696,
-0.06540312923014388046816,
-0.05233595624294445913804,
-0.03925981575906767329087,
-0.02617694830787381521375,
-0.01308959557134523055133,
-0.00000000000000041633363,
0.01308959557134389828370,
0.02617694830787273274630,
0.03925981575906828391354,
0.05233595624294362647078,
0.06540312923014274248956,
0.07845909572784481866847,
0.09150161866340061900260,
0.10452846326765367901412,
0.11753739745783761683207,
0.13052619222005001908826,
0.14349262199117968075157,
0.15643446504023139631556,
0.16934950384902308639923,
0.18223552549214777629416,
0.19509032201612869217300,
0.20791169081775839888593,
0.22069743502150007685714,
0.23344536385590616833774,
0.24615329302899208174793,
0.25881904510252012885374,
0.27144044986507498418149,
0.28401534470392186815246,
0.29654157497557032119317,
0.30901699437494867250820,
0.32143946530316092058399,
0.33380685923377045876137,
0.34611705707749429450359,
0.35836794954530010182125,
0.37055743750983594075876,
0.38268343236508950422348,
0.39474385638426717770599,
0.40673664307580026378020,
0.41865973753742824481350,
0.43051109680829369175115,
0.44228869021900141245141,
0.45399049973954558323541,
0.46561452032511013721106,
0.47715876025960873851872,
0.48862124149695401742477,
0.49999999999999900079928,
0.51129308607705259426268,
0.52249856471594813278614,
0.53361451591561082086201,
0.54463903501502786141941,
0.55557023301960151151491,
0.56640623692483227369365,
0.57714519003723308010478,
0.58778525229247291505885,
0.59832460057065861569470,
0.60876142900872043384197,
0.61909394930983263627411,
0.62932039104983739097321,
0.63943900198058467587714,
0.64944804833018232592678,
0.65934581510006906590604,
0.66913060635885845961468,
0.67880074553294034167550,
0.68835457569375424480285,
0.69779045984168064364894,
0.70710678118654657353659,
0.71630194342465469681258,
0.72537437101228807723174,
0.73432250943568488921187,
