24.90462643129779607420460,
0.00000000000000000000000,
32.02255627756080968993047,
-34.10626199943573055861634,
208.36352796751640426009544,
-439.52656196863438253785716,
-26.22927320455072930371898,
81.66898905320533685880946,
-10.41975834794008903827489,
42.31307585469343734985159,
-5.99749240609210421126818,
29.61187931597211075995801,
-4.02981877652294251390686,
23.10450324762254581401066,
-2.95999428369335593203004,
19.07085242038688832622029,
-2.30698101748716410952511,
16.29516550799318252984449,
-1.87668295251893235686680,
14.25478566041342176617945,
-1.57714839781755755687698,
12.68506168574400305715244,
-1.35980400368467480021195,
11.43647457764702579652294,
-1.19686960198465652815969,
10.41764762038616964900939,
-1.07146041533338642892659,
9.56933583773072982125996,
-0.97280628039041139309973,
8.85131413546828227367769,
-0.89376162175174411750334,
8.23524193590274045106980,
-0.82942780472758048659898,
7.70053670026643022339385,
-0.77635216997151568207869,
7.23186639599325076233072,
-0.73204259434869944911384,
6.81756180035694647756372,
-0.69466268983928858293808,
6.44857573639697179146424,
-0.66283449388126414181244,
6.11778029057070948937280,
-0.63550729832171837241361,
5.81947991613007964417648,
-0.61186837932427595720952,
5.54906645241013940506036,
-0.59128096595127799250946,
5.30276981366575572707234,
-0.57324032642989763974839,
5.07747462285328587938693,
-0.55734215527155339664489,
4.87058321090840173894776,
-0.54325946791382129230641,
4.67991179942815183068205,
-0.53072547882848164491065,
4.50361081572179777765541,
-0.51952075264415076283342,
4.34010301443430002166224,
-0.50946344971393231482182,
4.18803491287446494339974,
-0.50040184156623390698826,
4.04623830181899357683051,
-0.49220851120590292104851,
3.91369946625882825230747,
-0.48477581777590827982749,
3.78953436657551279154177,
-0.47801231971285779165370,
3.67296847140295801281695,
-0.47183993141970037576982,
3.56332025276836583671525,
-0.46619164625330888895860,
3.45998758816738849475314,
-0.46100970035689414761038,
3.36243648763539049184601,
-0.45624408232638236082579,
3.27019169364752126938356,
-0.45185131615243401270732,
3.18282879970285836890298,
-0.44779346158321747806141,
3.09996760814690208718503,
-0.44403728858618196628782,
3.02126650517545147778264,
-0.44055359207001221211186,
2.94641767540041321638000,
-0.43731662025665185566936,
2.87514301301494157314664,
-0.43430359564606468847359,
2.80719061381137890975879,
-0.43149431180838354604745,
2.74233175381764926470396,
-0.42887079258022003935835,
2.68035827742708709919839,
-0.42641700285926342761655,
2.62108033158173014953718,
-0.42411860225246555966550,
2.56432439357730945772573,
-0.42196273446682031060817,
2.50993154896082515392663,
-0.41993784663349387198394,
2.45775598322493982195169,
-0.41803353379718988236391,
2.40766365691040817864632,
-0.41624040464075134915234,
2.35953113857404250808258,
-0.41454996519308101587953,
2.31324457407131012232071,
-0.41295451781819508818572,
2.26869877390542562523024,
-0.41144707323152773792430,
2.22579640313790338979061,
-0.41002127365747809140117,
2.18444726064329408643516,
-0.40867132554371132791005,
2.14456763640426029127184,
-0.40739194049699106736639,
2.10607973715082685828293,
-0.40617828331177951994846,
2.06891117200242513618491,
-0.40502592613408350263882,
2.03299449091555040070034,
-0.40393080794641333941541,
1.99826676971171934837912,
-0.40288919867883388192809,
1.96466923628574807736413,
-0.40189766735239729200657,
1.93214693329892828188576,
-0.40095305374452894220383,
1.90064841326471212212823,
-0.40005244313875576445128,
1.87012546245081434648228,
-0.39919314378041592661361,
1.84053285046689873993842,
-0.39837266671193416467389,
1.81182810278976247353455,
-0.39758870770490389867646,
1.78397129380926355857184,
-0.39683913104309054276086,
1.75692485826541755500330,
-0.39612195494321067457122,
1.73065341919592530217642,
-0.39543533842651767962195,
1.70512363073043826666719,
-0.39477756947873798853976,
1.68030403425661090111021,
-0.39414705435600477789748,
1.65616492664886849617289,
-0.39354230791141653345022,
1.63267823939428025070697,
-0.39296194483244645256903,
1.60981742757832768653259,
-0.39240467169248499645917,
1.58755736780372891381319,
-0.39186927973136753688976,
1.56587426421421138655887,
-0.39135463828907252059608,
1.54474556188179978910568,
-0.39085968882617017072789,
1.52414986689263698416141,
-0.39038343947178588688729,
1.50406687253426785133570,
-0.38992496004656124197751,
1.48447729104726100501921,
-0.38948337751378908633271,
1.46536279045768580431286,
-0.38905787181720263845364,
1.44670593605405772841266,
-0.38864767206833489288087,
1.42849013611520847533143,
-0.38825205305025511925976,
1.41069959153263368989428,
-0.38787033200797049747877,
1.39331924900517911680708,
-0.38750186569895339605551,
1.37633475751359179994893,
-0.38714604768010468793804,
1.35973242781001779633243,
-0.38680230580953878227746,
1.34349919468105105657685,
-0.38647009994408260125098,
1.32762258176557912392468,
-0.38614891981510368612618,
1.31209066872748025822659,
-0.38583828306716572154045,
1.29689206060136452691722,
-0.38553773344517167087631,
1.28201585914527727005918,
-0.38524683911753615506157,
1.26745163604853861016863,
-0.38496519112364874226628,
1.25318940785612209509736,
-0.38469240193539139260892,
1.23921961248246392806038,
-0.38442810412301858802309,
1.22553308719842224405738,
-0.38417194911696206371943,
1.21212104798453346177212,
-0.38392360605781405968884,
1.19897507015272219987878,
-0.38368276072728363379483,
1.18608707014636038934441,
-0.38344911455359398377851,
1.17344928843577767096917,
-0.38322238368569216948600,
1.16105427343341416346334,
-0.38300229813073766171883,
1.14889486635775250888969,
-0.38278860094988798046245,
1.13696418698201862085284,
-0.38258104750808574756604,
1.12525562020725211631600,
-0.38237940477374410264133,
1.11376280340516720102073,
-0.38218345066433112577897,
1.10247961447933051637449,
-0.38199297343480437261221,
1.09140016059788624858129,
-0.38180777110538383078975,
1.08051876755380060757261,
-0.38162765092607309203032,
1.06982996971255506224452,
-0.38145242887502084361273,
1.05932850050957672038976,
-0.38128192918846259829024,
1.04900928346261501644676,
-0.38111598392000478607855,
1.03886742366695350447969,
-0.38095443252693983460233,
1.02889819974322827000890,
-0.38079712148199562626871,
1.01909705621029234023922,
-0.38064390390873220626489,
1.00945959625674364090742,
-0.38049463923859039304887,
0.99998157488749617183288,
-0.38034919288864116326820,
0.99065889242248139634484,
-0.38020743595827727334679,
0.98148758832679305896818,
-0.38006924494369775935354,
0.97246383535249580898352,
-0.37993450146903806619036,
0.96358393397419839221385,
-0.37980309203287526687021,
0.95484430710096779293394,
-0.37967490776940043817334,
0.94624149504905630259088,
-0.37954984422303245095165,
0.93777215076025310924734,
-0.37942780113573393308002,
0.92943303525209530757678,
-0.37930868224616692829798,
0.92122101328705996436952,
-0.37919239510008168059230,
0.91313304924826710351482,
-0.37907885087100812171457,
0.90516620321050544895058,
-0.37896796419072553696594,
0.89731762719565943964284,
-0.37885965298899393349785,
0.88958456160288423841820,
-0.37875383834182391185053,
0.88196433180360167547462,
-0.37865044432779032534953,
0.87445434489290763124814,
-0.37854939789206770717200,
0.86705208658883470285161,
-0.37845062871745394073031,
0.85975511827182304891437,
-0.37835406910221763832070,
0.85256107415694382112292,
-0.37825965384418103187869,
0.84546765859193095948854,
-0.37816732013084802810354,
0.83847264347493655201049,
-0.37807700743500838314048,
0.83157386578512237917948,
-0.37798865741576853638506,
0.82476922522121687286756,
-0.37790221382432009900043,
0.81805668194188085884377,
-0.37781762241478411556983,
0.81143425440327088260517,
-0.37773483085898273969860,
0.80490001728861737539944,
-0.37765378866583676487068,
0.79845209952553830579092,
-0.37757444710446991242847,
0.79208868238657359484023,
-0.37749675913102503921337,
0.78580799766913078663322,
-0.37742067931916289946770,
0.77960832595066964501029,
-0.37734616379369573246905,
0.77348799491586794907505,
-0.37727317016752304201788,
0.76744537775204380025684,
-0.37720165748145673134673,
0.76147889160982029643776,
-0.37713158614688735426057,
0.75558699612577806536962,
-0.37706291789112239554171,
0.74976819200435640411229,
-0.37699561570527029275013,
0.74402101965615075052085,
-0.37692964379443766320676,
0.73834405789001822384421,
-0.37686496753033676965217,
0.73273592265657871980267,
-0.37680155340589777113181,
0.72719526584070792729619,
-0.37673936899202498107542,
0.72172077410085710980070,
-0.37667838289624738790096,
0.71631116775304248811551,
-0.37661856472320781596963,
0.71096519969756544199413,
-0.37655988503687937152264,
0.70568165438651786480762,
-0.37650231532453892757673,
0.70045934683037724965970,
-0.37644582796214498543463,
0.69529712164170087707049,
-0.37639039618137454246138,
0.69019385211477957131621,
-0.37633599403800127580766,
0.68514843933917746188200,
-0.37628259638164990308340,
0.68015981134609548863779,
-0.37623017882678444490097,
0.67522692228589853424836,
-0.37617871772504751781696,
0.67034875163565488254136,
-0.37612819013863418859955,
0.66552430343531621126374,
-0.37607857381484671721594,
0.66075260555140180596112,
-0.37602984716168880163778,
0.65603270896693222091756,
-0.37598198922447606529218,
0.65136368709671566001873,
-0.37593497966339495253152,
0.64674463512671687137612,
-0.37588879873200803372058,
0.64217466937670930615667,
-0.37584342725656511019494,
0.63765292668510642482005,
-0.37579884661624352037990,
0.63317856381526205211685,
-0.37575503872409321548531,
0.62875075688211268243322,
-0.37571198600881466900248,
0.62436870079864592586461,
-0.37566967139717605261851,
0.62003160874114959799641,
-0.37562807829723227071028,
0.61573871163265003758625,
-0.37558719058208051011505,
0.61148925764380135383647,
-0.37554699257439322357399,
0.60728251171049740797514,
-0.37550746903140608257132,
0.60311775506747655750672,
-0.37546860513051238950055,
0.59899428479762817367771,
-0.37543038645560100619036,
0.59491141339598263559907,
-0.37539279898360639053934,
0.59086846834801232120071,
-0.37535582907178155487316,
0.58686479172183225738735,
-0.37531946344539379722960,
0.58289973977352094181015,
-0.37528368918592835967729,
0.57897268256518574780500,
-0.37524849371956325860822,
0.57508300359537523060993,
-0.37521386480636198523797,
0.57123009944118863234763,
-0.37517979052957156627102,
0.56741337941181924087175,
-0.37514625928550815459062,
0.56363226521308062988425,
-0.37511325977363479955429,
0.55988619062243805135637,
-0.37508078098737351879777,
0.55617460117405170816340,
-0.37504881220465685620624,
0.55249695385394481661478,
-0.37501734297942479479104,
0.54885271680439329244905,
-0.37498636313296385136340,
0.54524136903734699011181,
-0.37495586274586190089764,
0.54166240015680355845973,
-0.37492583215005531593889,
0.53811531008961466238105,
-0.37489626192132802229295,
0.53459960882430945794397,
-0.37486714287185046723394,
0.53111481615799915889653,
-0.37483846604317050399402,
0.52766046145068246087106,
-0.37481022269942476654592,
0.52423608338706328968470,
-0.37478240432068132825805,
0.52084122974534952099646,
-0.37475500259659794144440,
0.51747545717287746214197,
-0.37472800942023071213427,
0.51413833096839955949520,
-0.37470141688217867281807,
0.51082942487072069415177,
-0.37467521726479829924372,
0.50754832085347179049251,
-0.37464940303661725673479,
0.50429460892585842302083,
-0.37462396684706106286811,
0.50106788693916870514045,
-0.37459890152121655404471,
0.49786776039880653588199,
-0.37457420005483998970419,
0.49469384228171897621706,
-0.37454985560951781220496,
0.49154575285901525028009,
-0.37452586150798383712868,
0.48842311952362038596220,
-0.37450221122959703734523,
0.48532557662273445586720,
-0.37447889840593739929631,
0.48225276529505350930904,
-0.37445591681660866933967,
0.47920433331252099140585,
-0.37443326038510732489684,
0.47617993492641985664449,
-0.37441092317485108464936,
0.47317923071778811294763,
-0.37438889938537256441009,
0.47020188745194690937979,
-0.37436718334854285350488,
0.46724757793694521312844,
-0.37434576952503323399313,
0.46431598088598396989468,
-0.37432465250078766905162,
0.46140678078344549151169,
-0.37430382698365854965417,
0.45851966775464186865108,
-0.37428328780011416165863,
0.45565433743900712881825,
-0.37426302989213022787141,
0.45281049086677416237734,
-0.37424304831403737425788,
0.44998783433880529258886,
-0.37422333822959541471675,
0.44718607930970100117207,
-0.37420389490909722329803,
0.44440494227403853910729,
-0.37418471372661576968000,
0.44164414465548190724675,
-0.37416579015717721379275,
0.43890341269890786879415,
-0.37414711977423609212678,
0.43618247736526988278527,
-0.37412869824712446931159,
0.43348107422929066379069,
-0.37411052133854649781597,
0.43079894337960655814612,
-0.37409258490213326275864,
0.42813582932178889661756,
-0.37407488488024265294030,
0.42549148088350458030149,
-0.37405741730157382463062,
0.42286565112233220897764,
-0.37404017827903512927179,
0.42025809723593865463442,
-0.37402316400767626758395,
0.41766858047432542377919,
-0.37400637076248910428689,
0.41509686605440487827678,
-0.37398979489650369112397,
0.41254272307684036746878,
-0.37397343283884648679205,
0.41000592444475936204640,
-0.37395728109280945705706,
0.40748624678454103964498,
-0.37394133623401570876155,
0.40498347036870319115565,
-0.37392559490866772442530,
0.40249737904050653103383,
-0.37391005383180231369522,
0.40002776014054308717505,
-0.37389470978560312985906,
0.39757440443506375515881,
-0.37387955961781016434031,
0.39513710604604090903536,
-0.37386460024004075641813,
0.39271566238298816209351,
-0.37384982862637938794137,
0.39030987407635664432348,
-0.37383524181174299094721,
0.38791954491257807369209,
-0.37382083689050604746740,
0.38554448177070721470727,
-0.37380661101511636346117,
0.38318449456041769884962,
-0.37379256139458760799243,
0.38083939616168516195671,
-0.37377868529327162860909,
0.37850900236575935053907,
-0.37376498002954150479127,
0.37619313181755842379062,
-0.37375144297452767006007,
0.37389160595943149445475,
-0.37373807155079141750775,
0.37160424897621613382626,
-0.37372486323126885565671,
0.36933088774162925460587,
-0.37371181553803012320714,
0.36707135176584415603429,
-0.37369892604110521716620,
0.36482547314423108275605,
-0.37368619235749989115902,
0.36259308650753707681247,
-0.37367361215002059537937,
0.36037402897279591229562,
-0.37366118312624196917682,
0.35816814009575503874316,
-0.37364890303753428568712,
0.35597526182412919659726,
-0.37363676967801956463333,
0.35379523845203542098403,
-0.37362478088364309281033,
0.35162791657539671508204,
-0.37361293453124466701354,
0.34947314504844706473108,
-0.37360122853757482541681,
0.34733077494103792304259,
-0.37358966085847877813819,
0.34520065949711026265234,
-0.37357822948802305029758,
0.34308265409390803490908,
-0.37356693245759631238911,
0.34097661620221964007271,
-0.37355576783511507121815,
0.33888240534740038389927,
-0.37354473372424895627475,
0.33679988307135522163094,
-0.37353382826361974933249,
0.33472891289529538294545,
-0.37352304962599891524633,
0.33266936028326327123850,
-0.37351239601761299091720,
0.33062109260656680209678,
-0.37350186567745485843872,
0.32858397910888426096676,
-0.37349145687647478109028,
0.32655789087219322386346,
-0.37348116791697011374040,
0.32454270078331404203453,
-0.37347099713189635394883,
0.32253828350140523184564,
-0.37346094288423498097629,
0.32054451542584183609819,
-0.37345100356627525250985,
0.31856127466507200285406,
-0.37344117759911521492455,
0.31658844100587779646361,
-0.37343146343196786940410,
0.31462589588355993619473,
-0.37342185954156392746484,
0.31267352235244133540348,
-0.37341236443165992664461,
0.31073120505726348206110,
-0.37340297663240157310938,
0.30879883020501575074945,
-0.37339369469977701232466,
0.30687628553732426706091,
-0.37338451721509968717072,
0.30496346030370613533478,
-0.37337544278452616808295,
0.30306024523493102496019,
-0.37336647003847456272041,
0.30116653251726188678106,
-0.37335759763113374187782,
0.29928221576709734819133,
-0.37334882424005089163188,
0.29740719000624693535428,
-0.37334014856560193695856,
0.29554135163744887915271,
-0.37333156933050354320258,
0.29368459842065092191277,
-0.37332308527939461750833,
0.29183682944980754436770,
-0.37331469517845283778712,
0.28999794512973886551066,
-0.37330639781485963624164,
0.28816784715392584903526,
-0.37329819199639835414217,
0.28634643848247864905687,
-0.37329007655113233266064,
0.28453362332076070906339,
-0.37328205032690991993505,
0.28272930709800869752968,
-0.37327411219103345807468,
0.28093339644691400769361,
-0.37326626102978061050308,
0.27914579918326026808373,
-0.37325849574814495834829,
0.27736642428614266542297,
-0.37325081526943548748676,
0.27559518187835363445259,
-0.37324321853491593259378,
0.27383198320735302466744,
-0.37323570450339776938264,
0.27207674062657200009241,
-0.37322827215098292041873,
0.27032936757701209185001,
-0.37322092047072030762678,
0.26858977856927596095105,
-0.37321364847225307892487,
0.26685788916588037977817,
-0.37320645518145489916151,
0.26513361596387807761488,
-0.37319933964021123617982,
0.26341687657800710864464,
-0.37319230090606431149425,
0.26170758962393553259673,
-0.37318533805195464037041,
0.26000567470188340468695,
-0.37317845016586526085689,
0.25831105238067508800270,
-0.37317163635059813486805,
0.25662364418190641845996,
-0.37316489572345223901806,
0.25494337256458676765902,
-0.37315822741600279677243,
0.25327016090993192953817,
-0.37315163057381095512710,
0.25160393350647503041273,
-0.37314510435610859229172,
0.24994461553558111610585,
-0.37313864793565654220941,
0.24829213305701125502623,
-0.37313226049841191622747,
0.24664641299487594094941,
-0.37312594124328879452435,
0.24500738312390724082945,
-0.37311968938197975775850,
0.24337497205589159188222,
-0.37311350413865851383122,
0.24174910922628278786561,
-0.37310738474979476819726,
0.24012972488128325743162,
-0.37310133046391741329373,
0.23851675006491757091709,
-0.37309534054136950231850,
0.23691011660641991820597,
-0.37308941425409275494118,
0.23530975710815965618039,
-0.37308355088559852497099,
0.23371560493295617799703,
-0.37307774973038265731162,
0.23212759419282463779766,
-0.37307201009415658088386,
0.23054565973663293521057,
-0.37306633129340838195276,
0.22896973713913632009209,
-0.37306071265509649359515,
0.22739976268916428647771,
-0.37305515351685586411534,
0.22583567337917370698719,
-0.37304965322643796055146,
0.22427740689356273628974,
-0.37304421114167590767252,
0.22272490159863184144839,
-0.37303882663029752642103,
0.22117809653177172846128,
-0.37303349906984323292036,
0.21963693139112422381132,
-0.37302822784739192440995,
0.21810134652537621624546,
-0.37302301235930440670430,
0.21657128292392330282112,
-0.37301785201128784263958,
0.21504668220701528280614,
-0.37301274621814611842652,
0.21352748661601755886252,
-0.37300769440354630823720,
0.21201363900396619222022,
-0.37300269599989410718166,
0.21050508282629598610924,
-0.37299775044825039804763,
0.20900176213172561023868,
-0.37299285719819708084799,
0.20750362155315338341666,
-0.37298801570763473467451,
0.20601060629878775731783,
-0.37298322544258782906823,
0.20452266214353170825646,
-0.37297848587719767410320,
0.20303973542041359179322,
-0.37297379649353318287197,
0.20156177301211275487702,
-0.37296915678146319583774,
0.20008872234269814427421,
-0.37296456623844848055072,
0.19862053136951934861898,
-0.37296002436951947167643,
0.19715714857521071667890,
-0.37295553068712561373133,
0.19569852295982109735561,
-0.37295108471100141267485,
0.19424460403302706845707,
-0.37294668596811264560387,
0.19279534180650897967624,
-0.37294233399237614046129,
0.19135068678652145113261,
-0.37293802832472566777255,
0.18991058996646154044541,
-0.37293376851288839723964,
0.18847500281970008817467,
-0.37292955411133515974953,
0.18704387729231525261397,
-0.37292538468113306526774,
0.18561716579613496413970,
-0.37292125978985568579560,
0.18419482120195124208450,
-0.37291717901154530778740,
0.18277679683245823261117,
-0.37291314192638858049378,
0.18136304645581330374782,
-0.37290914812091308094821,
0.17995352427884464541208,
-0.37290519718778875057907,
0.17854818494078306123640,
-0.37290128872551314698214,
0.17714698350666013837440,
-0.37289742233866413068100,
0.17574987546123727044645,
-0.37289359763758372912079,
0.17435681670256597541879,
-0.37288981423835021455915,
0.17296776353620468835715,
-0.37288607176276894472622,
0.17158267266900467662438,
-0.37288236983804518009933,
0.17020150120314114783326,
-0.37287870809693612894620,
0.16882420663069203081719,
-0.37287508617771292218634,
0.16745074682744998106898,
-0.37287150372375921225654,
0.16608108004747934582923,
-0.37286796038376340822751,
0.16471516491773952051147,
-0.37286445581167432239411,
0.16335296043232278018209,
-0.37286098966636938012442,
0.16199442594714835719216,
-0.37285756161176591971795,
0.16063952117483448756019,
-0.37285417131677001112422,
0.15928820617925742997301,
-0.37285081845506579112381,
0.15794044137046236997435,
-0.37284750270517574843865,
0.15659618749967252337996,
-0.37284422375024600659899,
0.15525540565417877969523,
-0.37284098127819587098486,
0.15391805725247154068569,
-0.37283777498142800510550,
0.15258410403936162325067,
-0.37283460455688438583977,
0.15125350808123338985922,
-0.37283146970592745406137,
0.14992623176126129713737,
-0.37282837013434494410902,
0.14860223777484726781495,
-0.37282530555221693457923,
0.14728148912494432032361,
-0.37282227567387099531615,
0.14596394911762883284112,
-0.37281928021786159277440,
0.14464958135760669355463,
-0.37281631890686545149904,
0.14333834974377529514200,
-0.37281339146763992076217,
0.14203021846497726476954,
-0.37281049763096657523320,
0.14072515199569690658166,
-0.37280763713160414152270,
0.13942311509185922879794,
-0.37280480970824136921493,
0.13812407278661176235346,
-0.37280201510337107606574,
0.13682799038636034305583,
-0.37279925306335620627252,
0.13553483346660277764073,
-0.37279652333828944277272,
0.13424456786803889984938,
-0.37279382568195196245853,
0.13295715969256355348804,
-0.37279115985181909831425,
0.13167257529947989924679,
-0.37278852560893865897285,
0.13039078130156145363117,
-0.37278592271795385482136,
0.12911174456138557742335,
-0.37278335094697701013189,
0.12783543218755244463836,
-0.37278081006763297278184,
0.12656181153100631853192,
-0.37277829985493599052049,
0.12529085018141788987478,
-0.37277582008726223294914,
0.12402251596364133323647,
-0.37277337054638415292374,
0.12275677693412823110464,
-0.37277095101730511883531,
0.12149360137744424914530,
-0.37276856128828456116153,
0.12023295780289189327306,
-0.37276620115083292095193,
0.11897481494097661425258,
-0.37276387039955966029581,
0.11771914174024988852807,
-0.37276156883227773430889,
0.11646590736375261876390,
-0.37275929624983705767960,
0.11521508118598067227367,
-0.37275705245608303783911,
0.11396663278941199237693,
-0.37275483725805802492914,
0.11272053196167297617336,
-0.37275265046557182202491,
0.11147674869181012358155,
-0.37275049189148012906969,
0.11023525316784732464015,
-0.37274836135154137961578,
0.10899601577321138545784,
-0.37274625866440580512773,
0.10775900708388252979830,
-0.37274418365144790232790,
0.10652419786536904133811,
-0.37274213613696938196540,
0.10529155906976961354360,
-0.37274011594798012181329,
0.10406106183275953824818,
-0.37273812291423363829423,
0.10283267747078450593534,
-0.37273615686819788761497,
0.10160637747811263054132,
-0.37273421764501812880610,
0.10038213352405334077844,
-0.37273230508246124603744,
0.09915991745014374192380,
-0.37273041902094411481627,
0.09793970126736439851811,
-0.37272855930343740116228,
0.09672145715341939897769,
-0.37272672577547372174678,
0.09550515745002630119131,
-0.37272491828513537592826,
0.09429077466022739439921,
-0.37272313668299228428538,
0.09307828144575525097792,
-0.37272138082207356690745,
0.09186765062438995155247,
-0.37271965055787764642403,
0.09065885516742233640741,
-0.37271794574830280355471,
0.08945186819699502134284,
-0.37271626625366682805662,
0.08824666298367711547712,
-0.37271461193665700317723,
0.08704321294387806773329,
-0.37271298266228036766279,
0.08584149163737508914096,
-0.37271137829788453244007,
0.08464147276488254156845,
-0.37270979871312537312633,
0.08344313016559790074922,
-0.37270824377991984555081,
0.08224643781478735427015,
-0.37270671337243432841291,
0.08105136982141381007949,
-0.37270520736708306897000,
0.07985790042578821967822,
-0.37270372564247333802001,
0.07866600399719880787330,
-0.37270226807941714275429,
0.07747565503160402933247,
-0.37270083456087771400789,
0.07628682814938070322341,
-0.37269942497195862607384,
0.07509949809297511436057,
-0.37269803919991406626622,
0.07391363972474618293518,
-0.37269667713410736809010,
0.07272922802464931724131,
-0.37269533866595505600117,
0.07154623808807514251384,
-0.37269402368897608379683,
0.07036464512365459000875,
-0.37269273209872072483151,
0.06918442445108607952164,
-0.37269146379279438630050,
0.06800555149897180573504,
-0.37269021867079288323765,
0.06682800180270320744569,
-0.37268899663431975799455,
0.06565175100236531058329,
-0.37268779758697656578903,
0.06447677484057590113764,
-0.37268662143430597577520,
0.06330304916046292085241,
-0.37268546808379976464920,
0.06213054990362154583750,
-0.37268433744491724635139,
0.06095925310798855356609,
-0.37268322942899401173378,
0.05978913490589587986790,
-0.37268214394928689259245,
0.05862017152202114722570,
-0.37268108092094465177979,
0.05745233927138193585904,
-0.37268004026098899839070,
0.05628561455739000685128,
-0.37267902188829360454747,
0.05511997386983669144911,
-0.37267802572359026713755,
0.05395539378301306143726,
-0.37267705168942377724761,
0.05279185095365290791847,
-0.37267609971019427517192,
0.05162932211916793079354,
-0.37267516971207037546066,
0.05046778409558227984633,
-0.37267426162305838932554,
0.04930721377574731612015,
-0.37267337537290973203952,
0.04814758812740804749808,
-0.37267251089315289735993,
0.04698888419132529747912,
-0.37267166811712293394976,
0.04583107907941252889827,
-0.37267084697981733842909,
0.04467414997294705258923,
-0.37267004741808495982269,
0.04351807412065311631011,
-0.37266926937038735712093,
0.04236282883692221723493,
-0.37266851277700052680331,
0.04120839149998944961339,
-0.37266777757983948760057,
0.04005473955013827414007,
-0.37266706372255598012089,
0.03890185048786731769610,
-0.37266637115049838779868,
0.03774970187215931360925,
-0.37266569981066721695129,
0.03659827131866277838412,
-0.37266504965174346297729,
0.03544753649795029382119,
-0.37266442062408566826548,
0.03429747513376923961914,
-0.37266381267968967661020,
0.03314806500126232791104,
-0.37266322577220872824810,
0.03199928392528006426687,
-0.37266265985694813078766,
0.03085110977856109215622,
-0.37266211489081740859675,
0.02970352048010127532507,
-0.37266159083237521132403,
0.02855649399341464445001,
-0.37266108764181105073021,
0.02741000832477658022412,
-0.37266060528089633985260,
0.02626404152154782067896,
-0.37266014371301586782792,
0.02511857167052822248365,
-0.37265970290315553192784,
0.02397357689620127629837,
-0.37265928281793059273497,
0.02282903535907321312948,
-0.37265888342549735590126,
0.02168492525400900206023,
-0.37265850469562034064097,
0.02054122480853370902310,
-0.37265814659964857646912,
0.01939791228122578203852,
-0.37265780911048951296038,
0.01825496595995623749786,
-0.37265749220263544305709,
0.01711236416032591023395,
-0.37265719585213152864611,
0.01597008522398724039704,
-0.37265692003662154174748,
0.01482810751693808271057,
-0.37265666473524761137526,
0.01368640942797316739643,
-0.37265642992875647188100,
0.01254496936699389664227,
-0.37265621559944084317806,
0.01140376576334034552929,
-0.37265602173113121509118,
0.01026277706422717983514,
-0.37265584830919240566516,
0.00912198173305256432286,
-0.37265569532057263302249,
0.00798135824781986968901,
-0.37265556275374400740930,
0.00684088509946256806415,
-0.37265545059869564781252,
0.00570054079025972271211,
-0.37265535884699119151264,
0.00456030383218575252613,
-0.37265528749172815992097,
0.00342015274532059265766,
-0.37265523652749266148021,
0.00228006605621544622409,
-0.37265520595052237240452,
0.00114002229621945616600,
-0.37265519575844407995646,
0.00000000000000000000000,
-0.37265520595052059604768,
-0.00114002229622300887968,
-0.37265523652750687233492,
-0.00228006605618702451466,
-0.37265528749172638356413,
-0.00342015274532769808502,
-0.37265535884699030333422,
-0.00456030383219285795349,
-0.37265545059869342736647,
-0.00570054079025794635527,
-0.37265556275374134287404,
-0.00684088509946434442099,
-0.37265569532057263302249,
-0.00798135824782164604585,
-0.37265584830919185055365,
-0.00912198173305256432286,
-0.37265602173113132611348,
-0.01026277706422717983514,
-0.37265621559944173135648,
-0.01140376576334656277822,
-0.37265642992875647188100,
-0.01254496936699123210701,
-0.37265666473524766688641,
-0.01368640942797405557485,
-0.37265692003662220788129,
-0.01482810751693897088899,
-0.37265719585213408215907,
-0.01597008522398457586178,
-0.37265749220263683083587,
-0.01711236416032591023395,
-0.37265780911048995704959,
-0.01825496595995623749786,
-0.37265814659964924260294,
-0.01939791228122578203852,
-0.37265850469561495605930,
-0.02054122480853370902310,
-0.37265888342549746692356,
-0.02168492525400944614944,
-0.37265928281793081477957,
-0.02282903535907454539711,
-0.37265970290315608703935,
-0.02397357689620127629837,
-0.37266014371301636742828,
-0.02511857167053044292970,
-0.37266060528089661740836,
-0.02626404152154737658975,
-0.37266108764181060664100,
-0.02741000832477658022412,
-0.37266159083237537785749,
-0.02855649399341642080685,
-0.37266211489081946250934,
-0.02970352048010038714665,
-0.37266265985694957407759,
-0.03085110977855887171017,
-0.37266322577220861722580,
-0.03199928392527917608845,
-0.37266381267968884394293,
-0.03314806500126188382183,
-0.37266442062408161595144,
-0.03429747513376213419178,
-0.37266504965174407359996,
-0.03544753649795051586580,
-0.37266569981066721695129,
-0.03659827131866322247333,
-0.37266637115049744410911,
-0.03774970187215709316320,
-0.37266706372255997692378,
-0.03890185048786820587452,
-0.37266777757983948760057,
-0.04005473955013716391704,
-0.37266851277700185907094,
-0.04120839149998811734577,
-0.37266926937038713507633,
-0.04236282883692155110111,
-0.37267004741809184320545,
-0.04351807412065888946984,
-0.37267084697981706087333,
-0.04467414997294638645542,
-0.37267166811712326701667,
-0.04583107907941275094288,
-0.37267251089315311940453,
-0.04698888419132551952373,
-0.37267337537291100879600,
-0.04814758812740449478440,
-0.37267426162305861137014,
-0.04930721377574731612015,
-0.37267516971207043097181,
-0.05046778409558316802475,
-0.37267609971019272085968,
-0.05162932211916837488275,
-0.37267705168942621973827,
-0.05279185095365135360623,
-0.37267802572358854629186,
-0.05395539378301283939265,
-0.37267902188829349352517,
-0.05511997386983691349371,
-0.37268004026098922043531,
-0.05628561455738934071746,
-0.37268108092094720529275,
-0.05745233927138282403746,
-0.37268214394928694810361,
-0.05862017152202003700268,
-0.37268322942899373417802,
-0.05978913490589610191250,
-0.37268433744491852310787,
-0.06095925310798921969990,
-0.37268546808380043078301,
-0.06213054990361732699000,
-0.37268662143430530964139,
-0.06330304916046292085241,
-0.37268779758697589965522,
-0.06447677484057567909304,
-0.37268899663431981350570,
-0.06565175100236575467250,
-0.37269021867079588083982,
-0.06682800180270609402555,
-0.37269146379279549652352,
-0.06800555149897047346741,
-0.37269273209872000318654,
-0.06918442445108485827632,
-0.37269402368897619481913,
-0.07036464512365192547350,
-0.37269533866596660232062,
-0.07154623808806892526491,
-0.37269667713410625786707,
-0.07272922802464953928592,
-0.37269803919991406626622,
-0.07391363972474618293518,
-0.37269942497196062447529,
-0.07509949809297566947208,
-0.37270083456088265450035,
-0.07628682814936893485935,
-0.37270226807941481128594,
-0.07747565503160225297563,
-0.37270372564247389313152,
-0.07866600399719692049416,
-0.37270520736708179221353,
-0.07985790042578966296816,
-0.37270671337243310716758,
-0.08105136982141547541403,
-0.37270824377991995657311,
-0.08224643781478813142627,
-0.37270979871312498454827,
-0.08344313016559801177152,
-0.37271137829788447692891,
-0.08464147276488265259076,
-0.37271298266228053419624,
-0.08584149163737553323017,
-0.37271461193665628153227,
-0.08704321294387873386711,
-0.37271626625366705010123,
-0.08824666298367678241021,
-0.37271794574830380275543,
-0.08945186819699668667738,
-0.37271965055787825704670,
-0.09065885516742278049662,
-0.37272138082207229015097,
-0.09186765062439095075320,
-0.37272313668299222877422,
-0.09307828144575491791102,
-0.37272491828513582001747,
-0.09429077466022739439921,
-0.37272672577547649730434,
-0.09550515745003251844025,
-0.37272855930343734565113,
-0.09672145715342150840144,
-0.37273041902094450339433,
-0.09793970126736406545120,
-0.37273230508246057990362,
-0.09915991745014274272307,
-0.37273421764501668551617,
-0.10038213352405644940291,
-0.37273615686819755454806,
-0.10160637747811140929599,
-0.37273812291423358278308,
-0.10283267747078461695764,
-0.37274011594798034385789,
-0.10406106183275853904746,
-0.37274213613696505209560,
-0.10529155906976783718676,
-0.37274418365145034481856,
-0.10652419786536748702588,
-0.37274625866440574961658,
-0.10775900708388319593212,
-0.37274836135153893712513,
-0.10899601577321138545784,
-0.37275049189148962147655,
-0.11023525316785054428692,
-0.37275265046557232162527,
-0.11147674869181067869306,
-0.37275483725805808044029,
-0.11272053196167319821797,
-0.37275705245608292681680,
-0.11396663278941143726541,
-0.37275929624984838195445,
-0.11521508118598322578663,
-0.37276156883227679061932,
-0.11646590736375062036245,
-0.37276387039955916069545,
-0.11771914174025122079570,
-0.37276620115083447526416,
-0.11897481494097750243100,
-0.37276856128828789183061,
-0.12023295780288878464859,
-0.37277095101730606252488,
-0.12149360137744436016760,
-0.37277337054638481905755,
-0.12275677693412823110464,
-0.37277582008726217743799,
-0.12402251596364166630337,
-0.37277829985493415865250,
-0.12529085018141500329492,
-0.37278081006763269522608,
-0.12656181153100565239811,
-0.37278335094697750973225,
-0.12783543218755244463836,
-0.37278592271795329970985,
-0.12911174456138402311112,
-0.37278852560893638301565,
-0.13039078130155568047144,
-0.37279115985181898729195,
-0.13167257529947995475794,
-0.37279382568195207348083,
-0.13295715969256322042114,
-0.37279652333828949828387,
-0.13424456786803884433823,
-0.37279925306335659485057,
-0.13553483346659733754791,
-0.37280201510337013237617,
-0.13682799038635728994251,
-0.37280480970824159125954,
-0.13812407278661054110813,
-0.37280763713160419703385,
-0.13942311509186067208788,
-0.37281049763096490989867,
-0.14072515199569773924893,
-0.37281339146763992076217,
-0.14203021846497676516918,
-0.37281631890686495189868,
-0.14333834974377468451934,
-0.37281928021786076010713,
-0.14464958135760835888917,
-0.37282227567386833078089,
-0.14596394911763138635408,
-0.37282530555221710111269,
-0.14728148912494443134591,
-0.37282837013434499962017,
-0.14860223777484737883725,
-0.37283146970592967450742,
-0.14992623176126174122658,
-0.37283460455688360868365,
-0.15125350808121795775918,
-0.37283777498142955941773,
-0.15258410403936312205175,
-0.37284098127819587098486,
-0.15391805725247154068569,
-0.37284422375024728335546,
-0.15525540565417716987184,
-0.37284750270516137105048,
-0.15659618749966619510872,
-0.37285081845506579112381,
-0.15794044137046236997435,
-0.37285417131676773516702,
-0.15928820617925931735215,
-0.37285756161176786260825,
-0.16063952117483615289473,
-0.37286098966636654905571,
-0.16199442594715357524038,
-0.37286445581167282359303,
-0.16335296043232411244972,
-0.37286796038376318618290,
-0.16471516491773990908953,
-0.37287150372375998941266,
-0.16608108004748073360801,
-0.37287508617771564223276,
-0.16745074682745092475855,
-0.37287870809693590690159,
-0.16882420663069241939525,
-0.37288236983804523561048,
-0.17020150120314198050053,
-0.37288607176276766796974,
-0.17158267266900473213553,
-0.37288981423834177686416,
-0.17296776353621334809674,
-0.37289359763758495036612,
-0.17435681670256608644110,
-0.37289742233866390863639,
-0.17574987546123760351335,
-0.37290128872551342453789,
-0.17714698350666030490785,
-0.37290519718778875057907,
-0.17854818494079455204471,
-0.37290914812091402463778,
-0.17995352427884298007754,
-0.37291314192638913560529,
-0.18136304645581202699134,
-0.37291717901154353143056,
-0.18277679683245728892160,
-0.37292125978985962708734,
-0.18419482120195224128523,
-0.37292538468113289873429,
-0.18561716579613540822891,
-0.37292955411133549281644,
-0.18704387729231514159167,
-0.37293376851288878581769,
-0.18847500281969942204086,
-0.37293802832472872088587,
-0.18991058996645543421877,
-0.37294233399237497472711,
-0.19135068678652139562146,
-0.37294668596811314520423,
-0.19279534180650825803127,
-0.37295108471100307800938,
-0.19424460403302640232326,
-0.37295553068712000710505,
-0.19569852295983031220672,
-0.37296002436951813940880,
-0.19715714857521066116774,
-0.37296456623844864708417,
-0.19862053136951940413013,
-0.37296915678146130845860,
-0.20008872234269847734112,
-0.37297379649353729069716,
-0.20156177301211519736768,
-0.37297848587719656388018,
-0.20303973542041309219286,
-0.37298322544258755151247,
-0.20452266214353143070070,
-0.37298801570763373547379,
-0.20601060629878975571927,
-0.37299285719820163276239,
-0.20750362155314688861196,
-0.37299775044825017600303,
-0.20900176213172483308256,
-0.37300269599989405167051,
-0.21050508282629576406464,
-0.37300769440354503148072,
-0.21201363900396685835403,
-0.37301274621814650700458,
-0.21352748661601506086072,
-0.37301785201128784263958,
-0.21504668220701683711837,
-0.37302301235930485079351,
-0.21657128292392258117616,
-0.37302822784739175787649,
-0.21810134652537549460050,
-0.37303349906984373252072,
-0.21963693139112377972211,
-0.37303882663029769295449,
-0.22117809653177256112855,
-0.37304421114167612971713,
-0.22272490159863200798185,
-0.37304965322643762748456,
-0.22427740689356284731204,
-0.37305515351685353264699,
-0.22583567337917254125301,
-0.37306071265509638257285,
-0.22739976268916439750001,
-0.37306633129340838195276,
-0.22896973713913681969245,
-0.37307201009415724701768,
-0.23054565973663360134438,
-0.37307774973038509980228,
-0.23212759419282635864334,
-0.37308355088559969070516,
-0.23371560493295756577581,
-0.37308941425409203329622,
-0.23530975710815937862463,
-0.37309534054136994640771,
-0.23691011660642041780633,
-0.37310133046391569244804,
-0.23851675006491435127032,
-0.37310738474979343592963,
-0.24012972488128270232011,
-0.37311350413865762565280,
-0.24174910922628189968719,
-0.37311968938198231127146,
-0.24337497205588914939156,
-0.37312594124328368749843,
-0.24500738312390579753952,
-0.37313226049841313747280,
-0.24664641299487588543826,
-0.37313864793565654220941,
-0.24829213305701125502623,
-0.37314510435610775962445,
-0.24994461553558089406124,
-0.37315163057381317557315,
-0.25160393350648174726203,
-0.37315822741600557232999,
-0.25327016090993104135975,
-0.37316489572345357128569,
-0.25494337256458615703636,
-0.37317163635059952264683,
-0.25662364418190686254917,
-0.37317845016587031237165,
-0.25831105238067664231494,
-0.37318533805195480690386,
-0.26000567470188185037472,
-0.37319230090606425598310,
-0.26170758962393525504098,
-0.37319933964021068106831,
-0.26341687657800705313349,
-0.37320645518145800778598,
-0.26513361596387685636955,
-0.37321364847225452221480,
-0.26685788916588082386738,
-0.37322092047072014109332,
-0.26858977856927723770752,
-0.37322827215098314246333,
-0.27032936757701275798382,
-0.37323570450338500181786,
-0.27207674062656217461864,
-0.37324321853491576606032,
-0.27383198320735152586636,
-0.37325081526943565402021,
-0.27559518187835396751950,
-0.37325849574814617959362,
-0.27736642428614188826685,
-0.37326626102978210930416,
-0.27914579918325765905962,
-0.37327411219103401318620,
-0.28093339644691495138318,
-0.37328205032690897624548,
-0.28272930709800947468580,
-0.37329007655113288777216,
-0.28453362332076026497418,
-0.37329819199639524551770,
-0.28634643848247703923349,
-0.37330639781485902561897,
-0.28816784715392629312447,
-0.37331469517845322636518,
-0.28999794512973908755527,
-0.37332308527939445097488,
-0.29183682944980715578964,
-0.37333156933050304360222,
-0.29368459842064909004478,
-0.37334014856560021611287,
-0.29554135163744704728472,
-0.37334882424005028100922,
-0.29740719000624643575392,
-0.37335759763113557374581,
-0.29928221576709895801471,
-0.37336647003847450720926,
-0.30116653251726094309149,
-0.37337544278452622359410,
-0.30306024523492930411450,
-0.37338451721509968717072,
-0.30496346030370602431248,
-0.37339369469977629067969,
-0.30687628553732571035084,
-0.37340297663240762382486,
-0.30879883020500320522927,
-0.37341236443166103686764,
-0.31073120505726475881758,
-0.37342185954156381644253,
-0.31267352235244100233658,
-0.37343146343196720327029,
-0.31462589588356160152927,
-0.37344117759911732434830,
-0.31658844100587729686325,
-0.37345100356627514148755,
-0.31856127466507272449903,
-0.37346094288423481444283,
-0.32054451542584228018740,
-0.37347099713189657599344,
-0.32253828350140584246830,
-0.37348116791697671956740,
-0.32454270078331232118884,
-0.37349145687647311575574,
-0.32655789087219344590807,
-0.37350186567745524701678,
-0.32858397910888448301137,
-0.37351239601761337949526,
-0.33062109260656624698527,
-0.37352304962600679782980,
-0.33266936028327409591299,
-0.37353382826361963831019,
-0.33472891289529371761091,
-0.37354473372424928934166,
-0.33679988307135566572015,
-0.37355576783511612593003,
-0.33888240534739932918740,
-0.37356693245759642341142,
-0.34097661620222519118784,
-0.37357822948802410500946,
-0.34308265409390570344073,
-0.37358966085847877813819,
-0.34520065949710954100738,
-0.37360122853757404826069,
-0.34733077494103969939943,
-0.37361293453124289065670,
-0.34947314504844451121812,
-0.37362478088364325934378,
-0.35162791657539727019355,
-0.37363676967801984218909,
-0.35379523845203508791712,
-0.37364890303753139910725,
-0.35597526182412475570516,
-0.37366118312624196917682,
-0.35816814009575903554605,
-0.37367361215002192764700,
-0.36037402897279791069707,
-0.37368619235749989115902,
-0.36259308650753618863405,
-0.37369892604110521716620,
-0.36482547314422841822079,
-0.37371181553800880692506,
-0.36707135176584415603429,
-0.37372486323126796747829,
-0.36933088774163191914113,
-0.37373807155079141750775,
-0.37160424897621613382626,
-0.37375144297452500552481,
-0.37389160595942882991949,
-0.37376498002953439936391,
-0.37619313181755842379062,
-0.37377868529327162860909,
-0.37850900236575490964697,
-0.37379256139458760799243,
-0.38083939616168605013513,
-0.37380661101511858390722,
-0.38318449456041925316185,
-0.37382083689050604746740,
-0.38554448177070677061806,
-0.37383524181174232481339,
-0.38791954491257718551367,
-0.37384982862637911038561,
-0.39030987407635697739039,
-0.37386460024004058988467,
-0.39271566238298938333884,
-0.37387955961780838798347,
-0.39513710604604523890515,
-0.37389470978560390701517,
-0.39757440443506286698039,
-0.37391005383180231369522,
-0.40002776014054292064159,
-0.37392559490866578153501,
-0.40249737904050530978850,
-0.37394133623401915045292,
-0.40498347036871096271682,
-0.37395728109280929052360,
-0.40748624678454031800001,
-0.37397343283884659781435,
-0.41000592444475936204640,
-0.37398979489650291396785,
-0.41254272307684025644647,
-0.37400637076249587664734,
-0.41509686605439050088862,
-0.37402316400767321447063,
-0.41766858047432597889070,
-0.37404017827903562887215,
-0.42025809723593976485745,
-0.37405741730157238134069,
-0.42286565112233198693303,
-0.37407488488024270845145,
-0.42549148088350186025508,
-0.37409258490213259662482,
-0.42813582932178828599490,
-0.37411052133854622026021,
-0.43079894337960700223533,
-0.37412869824712413624468,
-0.43348107422929083032415,
-0.37414711977423442679225,
-0.43618247736526905011800,
-0.37416579015717699174814,
-0.43890341269890620345961,
-0.37418471372661543661309,
-0.44164414465548224031366,
-0.37420389490909833352106,
-0.44440494227403726235082,
-0.37422333822960934801571,
-0.44718607930969955788214,
-0.37424304831403787385824,
-0.44998783433880429338814,
-0.37426302989213022787141,
-0.45281049086677405135504,
-0.37428328780011499432590,
-0.45565433743900662921789,
-0.37430382698366571059267,
-0.45851966775463459669027,
-0.37432465250078739149586,
-0.46140678078344432577751,
-0.37434576952503340052658,
-0.46431598088598380336123,
-0.37436718334854413026136,
-0.46724757793694460250578,
-0.37438889938537306401045,
-0.47020188745193808310674,
-0.37441092317485125118282,
-0.47317923071778783539187,
-0.37443326038510760245259,
-0.47617993492641985664449,
-0.37445591681660728156089,
-0.47920433331252121345045,
-0.37447889840593451271644,
-0.48225276529505645140006,
-0.37450221122959737041214,
-0.48532557662273445586720,
-0.37452586150798433672904,
-0.48842311952362005289530,
-0.37454985560951792322726,
-0.49154575285901341841210,
-0.37457420005485003722256,
-0.49469384228172513795485,
-0.37459890152121755324544,
-0.49786776039880753508271,
-0.37462396684706111837926,
-0.50106788693916837207354,
-0.37464940303661675713442,
-0.50429460892585975528846,
-0.37467521726479263710630,
-0.50754832085347012515797,
-0.37470141688217933895189,
-0.51082942487071936188414,
-0.37472800942023065662312,
-0.51413833096839911540599,
-0.37475500259659783042210,
-0.51747545717287679600815,
-0.37478240432068332665949,
-0.52084122974534874384034,
-0.37481022269942443347901,
-0.52423608338706273457319,
-0.37483846604317100359438,
-0.52766046145068257189337,
-0.37486714287185074478970,
-0.53111481615799904787423,
-0.37489626192133029825015,
-0.53459960882430790363173,
-0.37492583215005548247234,
-0.53811531008961421829184,
-0.37495586274586323316527,
-0.54166240015680477970506,
-0.37498636313296107580584,
-0.54524136903734876646865,
-0.37501734297943034590617,
-0.54885271680438130204038,
-0.37504881220465657865049,
-0.55249695385394637092702,
-0.37508078098737351879777,
-0.55617460117405170816340,
-0.37511325977363602079961,
-0.55988619062243616397723,
-0.37514625928549916178412,
-0.56363226521308562588786,
-0.37517979052956978991418,
-0.56741337941182168336240,
-0.37521386480636353955020,
-0.57123009944118907643684,
-0.37524849371956414678664,
-0.57508300359537511958763,
-0.37528368918592708292081,
-0.57897268256518608087191,
-0.37531946344539424131881,
-0.58289973977352060874324,
-0.37535582907178161038431,
-0.58686479172183236840965,
-0.37539279898360700116200,
-0.59086846834801309835683,
-0.37543038645559867472201,
-0.59491141339598563320124,
-0.37546860513051183438904,
-0.59899428479762883981152,
-0.37550746903140619359363,
-0.60311775506747689057363,
-0.37554699257439233539557,
-0.60728251171049829615356,
-0.37558719058208439589563,
-0.61148925764381112379908,
-0.37562807829723238173258,
-0.61573871163265159189848,
-0.37566967139717649670771,
-0.62003160874114926492950,
-0.37571198600881428042442,
-0.62436870079864759119914,
-0.37575503872409704575475,
-0.62875075688211157221019,
-0.37579884661624346486875,
-0.63317856381526183007225,
-0.37584342725656499917264,
-0.63765292668510609175314,
-0.37588879873200770065367,
-0.64217466937670841797825,
-0.37593497966339634031030,
-0.64674463512671409581856,
-0.37598198922447556569182,
-0.65136368709671488286261,
-0.37602984716168885714893,
-0.65603270896693177682835,
-0.37607857381484727232746,
-0.66075260555140113982731,
-0.37612819013863929562547,
-0.66552430343531732148676,
-0.37617871772504696270545,
-0.67034875163565343925143,
-0.37623017882678516654593,
-0.67522692228589908935987,
-0.37628259638164934797189,
-0.68015981134609826419535,
-0.37633599403801459848395,
-0.68514843933916602658485,
-0.37639039618137287712685,
-0.69019385211477868313779,
-0.37644582796214492992348,
-0.69529712164170076604819,
-0.37650231532453926064363,
-0.70045934683037647250359,
-0.37655988503688886392951,
-0.70568165438652008525366,
-0.37661856472320626165740,
-0.71096519969756633017255,
-0.37667838289624711034520,
-0.71631116775304204402630,
-0.37673936899202725703262,
-0.72172077410085677673379,
-0.37680155340589327472856,
-0.72719526584070481867172,
-0.37686496753033593698490,
-0.73273592265657871980267,
-0.37692964379443744116216,
-0.73834405789001822384421,
-0.37699561570527145848430,
-0.74402101965615030643164,
-0.37706291789112167389675,
-0.74976819200435507184466,
-0.37713158614688846448360,
-0.75558699612577795434731,
-0.37720165748145684236903,
-0.76147889160982029643776,
-0.37727317016752298650673,
-0.76744537775204624274750,
-0.37734616379369928518273,
-0.77348799491585640275559,
-0.37742067931916239986734,
-0.77960832595066897887648,
-0.37749675913102503921337,
-0.78580799766913078663322,
-0.37757444710446869118314,
-0.79208868238657315075102,
-0.37765378866583831918291,
-0.79845209952553009014053,
-0.37773483085898068578601,
-0.80490001728861937380088,
-0.37781762241478350494717,
-0.81143425440327121567208,
-0.37790221382432032104504,
-0.81805668194188063679917,
-0.37798865741576703758398,
-0.82476922522121898229130,
-0.37807700743500916029660,
-0.83157386578512448860323,
-0.37816732013084802810354,
-0.83847264347493688507740,
-0.37825965384418097636754,
-0.84546765859193118153314,
-0.37835406910221835996566,
-0.85256107415694670770279,
-0.37845062871745277499613,
-0.85975511827182427015970,
-0.37854939789206820677236,
-0.86705208658883481387392,
-0.37865044432778621752433,
-0.87445434489290430057906,
-0.37875383834181375330985,
-0.88196433180360245263074,
-0.37885965298899276776368,
-0.88958456160288190694985,
-0.37896796419072553696594,
-0.89731762719565943964284,
-0.37907885087100900989299,
-0.90516620321050433872756,
-0.37919239510009933313839,
-0.91313304924828808672999,
-0.37930868224616681727568,
-0.92122101328705574552203,
-0.37942780113573409961347,
-0.92943303525209675086671,
-0.37954984422303128521747,
-0.93777215076025366435886,
-0.37967490776939599728124,
-0.94624149504905807894772,
-0.37980309203287654362668,
-0.95484430710096623862171,
-0.37993450146903823272382,
-0.96358393397419828119155,
-0.38006924494369798139815,
-0.97246383535249458773819,
-0.38020743595827538596765,
-0.98148758832679283692357,
-0.38034919288864232900238,
-0.99065889242248239554556,
-0.38049463923858972691505,
-0.99998157488749628285518,
-0.38064390390873292790985,
-1.00945959625674275272900,
-0.38079712148199845733743,
-1.01909705621029100797159,
-0.38095443252694011215809,
-1.02889819974322915818732,
-0.38111598392000511914546,
-1.03886742366695350447969,
-0.38128192918846304237945,
-1.04900928346261657075900,
-0.38145242887502034401237,
-1.05932850050957449994371,
-0.38162765092607309203032,
-1.06982996971255506224452,
-0.38180777110538344221169,
-1.08051876755380060757261,
-0.38199297343480342892263,
-1.09140016059788713675971,
-0.38218345066433018208940,
-1.10247961447933584544501,
-0.38237940477374404713018,
-1.11376280340516675693152,
-0.38258104750808585858834,
-1.12525562020725167222679,
-0.38278860094988703677288,
-1.13696418698201773267442,
-0.38300229813073921603106,
-1.14889486635775384115732,
-0.38322238368569250255291,
-1.16105427343341327528492,
-0.38344911455359337315585,
-1.17344928843577789301378,
-0.38368276072728324521677,
-1.18608707014635883503217,
-0.38392360605780984084134,
-1.19897507015273196984140,
-0.38417194911696206371943,
-1.21212104798453301768291,
-0.38442810412301842148963,
-1.22553308719842224405738,
-0.38469240193539122607547,
-1.23921961248246370601578,
-0.38496519112364324666231,
-1.25318940785611632193763,
-0.38524683911753360154862,
-1.26745163604853727790100,
-0.38553773344517106025364,
-1.28201585914527793619300,
-0.38583828306716683176347,
-1.29689206060136674736327,
-0.38614891981510013341250,
-1.31209066872747492915607,
-0.38647009994408204613947,
-1.32762258176557867983547,
-0.38680230580953861574400,
-1.34349919468105127862145,
-0.38714604768010424384883,
-1.35973242781001801837704,
-0.38750186569895272992170,
-1.37633475751359624084103,
-0.38787033200797127463488,
-1.39331924900517911680708,
-0.38825205305025384250328,
-1.41069959153263368989428,
-0.38864767206833494839202,
-1.42849013611520869737603,
-0.38905787181720141720831,
-1.44670593605405461978819,
-0.38948337751378941939961,
-1.46536279045768713658049,
-0.38992496004656140851097,
-1.48447729104726144910842,
-0.39038343947178660853226,
-1.50406687253426829542491,
-0.39085968882616500819083,
-1.52414986689263076691248,
-0.39135463828907163241766,
-1.54474556188180089932871,
-0.39186927973136720382286,
-1.56587426421421183064808,
-0.39240467169248638423795,
-1.58755736780372846972398,
-0.39296194483244406558953,
-1.60981742757832835266640,
-0.39354230791141681100598,
-1.63267823939428047275157,
-0.39414705435600494443094,
-1.65616492664886783003908,
-0.39477756947873765547286,
-1.68030403425661067906560,
-0.39543533842651690246583,
-1.70512363073043982097943,
-0.39612195494321161826079,
-1.73065341919592552422102,
-0.39683913104309176400619,
-1.75692485826541711091409,
-0.39758870770490700730093,
-1.78397129380926267039342,
-0.39837266671194943024048,
-1.81182810278976358375758,
-0.39919314378041792501506,
-1.84053285046689918402762,
-0.40005244313875576445128,
-1.87012546245081434648228,
-0.40095305374452483437864,
-1.90064841326471478666349,
-0.40189766735239795814039,
-1.93214693329894693363258,
-0.40288919867883998815472,
-1.96466923628574541282887,
-0.40393080794641439412729,
-1.99826676971171890428991,
-0.40502592613408339161651,
-2.03299449091554906843271,
-0.40617828331177796563622,
-2.06891117200242202756044,
-0.40739194049698990163222,
-2.10607973715082774646135,
-0.40867132554371143893235,
-2.14456763640425940309342,
-0.41002127365747853549038,
-2.18444726064329231007832,
-0.41144707323152507338904,
-2.22579640313789850480930,
-0.41295451781819503267457,
-2.26869877390542562523024,
-0.41454996519308062730147,
-2.31324457407130879005308,
-0.41624040464075118261889,
-2.35953113857404339626100,
-0.41803353379719643267975,
-2.40766365691040906682474,
-0.41993784663349487118467,
-2.45775598322494026604090,
-0.42196273446682008856357,
-2.50993154896082515392663,
-0.42411860225246494904283,
-2.56432439357730901363652,
-0.42641700285926398272807,
-2.62108033158173725496454,
-0.42887079258021981731375,
-2.68035827742708665510918,
-0.43149431180838393462551,
-2.74233175381764837652554,
-0.43430359564606380029517,
-2.80719061381137624522353,
-0.43731662025665846149636,
-2.87514301301495223128768,
-0.44055359207001254517877,
-2.94641767540041232820158,
-0.44403728858618196628782,
-3.02126650517545192187185,
-0.44779346158321775561717,
-3.09996760814690119900661,
-0.45185131615244211733540,
-3.18282879970284859894036,
-0.45624408232638158366967,
-3.27019169364751949302672,
-0.46100970035689425863268,
-3.36243648763539049184601,
-0.46619164625330966611472,
-3.45998758816738760657472,
-0.47183993141969626794463,
-3.56332025276837027760735,
-0.47801231971285762512025,
-3.67296847140295845690616,
-0.48477581777590827982749,
-3.78953436657551234745256,
-0.49220851120590408678268,
-3.91369946625882647595063,
-0.50040184156623013222998,
-4.04623830181900512314996,
-0.50946344971393342504484,
-4.18803491287446938429184,
-0.51952075264415076283342,
-4.34010301443430002166224,
-0.53072547882848064570993,
-4.50361081572179600129857,
-0.54325946791382184741792,
-4.67991179942815271886047,
-0.55734215527155273051108,
-4.87058321090840173894776,
-0.57324032642989708463688,
-5.07747462285328587938693,
-0.59128096595127788148716,
-5.30276981366575483889392,
-0.61186837932427273756275,
-5.54906645241013940506036,
-0.63550729832171826139131,
-5.81947991613008142053332,
-0.66283449388126414181244,
-6.11778029057071037755122,
-0.69466268983928780578196,
-6.44857573639697179146424,
-0.73204259434869523026634,
-6.81756180035694647756372,
-0.77635216997151412776645,
-7.23186639599325076233072,
-0.82942780472758048659898,
-7.70053670026642933521543,
-0.89376162175174311830261,
-8.23524193590274222742664,
-0.97280628039041150412203,
-8.85131413546828227367769,
-1.07146041533338731710501,
-9.56933583773072982125996,
-1.19686960198465652815969,
-10.41764762038616964900939,
-1.35980400368467546634577,
-11.43647457764702757287978,
-1.57714839781756244185829,
-12.68506168574400305715244,
-1.87668295251893191277759,
-14.25478566041342176617945,
-2.30698101748716322134669,
-16.29516550799318252984449,
-2.95999428369335548794083,
-19.07085242038689187893397,
-4.02981877652294162572844,
-23.10450324762254581401066,
-5.99749240609210509944660,
-29.61187931597211075995801,
-10.41975834794008903827489,
-42.31307585469344445527895,
-26.22927320455073285643266,
-81.66898905320533685880946,
208.36352796751643268180487,
439.52656196863438253785716,
32.02255627756081679535782,
34.10626199943573766404370,
