-0.00000000000000036082248,
0.00000000000000000000000,
1.49800460172478633324999,
-7.53097769363728097857802,
-0.28853702863477148632398,
0.69659000777690027739197,
-0.23648825540274953649345,
0.35392968583846329266862,
-0.22261434265426727208137,
0.22261434265426846557112,
-0.21693237284402921982718,
0.14494957740752489883107,
-0.21421711114698613331875,
0.08873163272946693602705,
-0.21293721020697120582810,
0.04235584458548879993600,
-0.21255656167002232037611,
0.00000000000000000000000,
-0.21293721020697120582810,
-0.04235584458548879993600,
-0.21421711114698613331875,
-0.08873163272946693602705,
-0.21693237284402921982718,
-0.14494957740752489883107,
-0.22261434265426727208137,
-0.22261434265426846557112,
-0.23648825540274953649345,
-0.35392968583846329266862,
-0.28853702863477148632398,
-0.69659000777690027739197,
1.49800460172478633324999,
7.53097769363728097857802,
